150
10
[-3.402,31.386,-744.45]
[-3.37917,31.1754,-739.454]
[-3.35634,30.9647,-734.457]
[-3.3335,30.7541,-729.461]
[-3.31067,30.5434,-724.465]
[-3.28784,30.3328,-719.468]
[-3.26501,30.1221,-714.472]
[-3.24217,29.9115,-709.476]
[-3.21934,29.7008,-704.48]
[-3.19651,29.4902,-699.483]
[-3.17368,29.2796,-694.487]
[-3.15085,29.0689,-689.491]
[-3.12801,28.8583,-684.494]
[-3.10518,28.6476,-679.498]
[-3.08235,28.437,-674.502]
[-3.05952,28.2263,-669.505]
[-3.03668,28.0157,-664.509]
[-3.01385,27.805,-659.513]
[-2.99102,27.5944,-654.516]
[-2.96819,27.3838,-649.52]
[-2.94536,27.1731,-644.524]
[-2.92252,26.9625,-639.528]
[-2.89969,26.7518,-634.531]
[-2.87686,26.5412,-629.535]
[-2.85403,26.3305,-624.539]
[-2.83119,26.1199,-619.542]
[-2.80836,25.9092,-614.546]
[-2.78553,25.6986,-609.55]
[-2.7627,25.488,-604.553]
[-2.73987,25.2773,-599.557]
[-2.71703,25.0667,-594.561]
[-2.6942,24.856,-589.564]
[-2.67137,24.6454,-584.568]
[-2.64854,24.4347,-579.572]
[-2.6257,24.2241,-574.576]
[-2.60287,24.0134,-569.579]
[-2.58004,23.8028,-564.583]
[-2.55721,23.5922,-559.587]
[-2.53438,23.3815,-554.59]
[-2.51154,23.1709,-549.594]
[-2.48871,22.9602,-544.598]
[-2.46588,22.7496,-539.601]
[-2.44305,22.5389,-534.605]
[-2.42021,22.3283,-529.609]
[-2.39738,22.1177,-524.612]
[-2.37455,21.907,-519.616]
[-2.35172,21.6964,-514.62]
[-2.32889,21.4857,-509.623]
[-2.30605,21.2751,-504.627]
[-2.28322,21.0644,-499.631]
[-2.26039,20.8538,-494.635]
[-2.23756,20.6431,-489.638]
[-2.21472,20.4325,-484.642]
[-2.19189,20.2219,-479.646]
[-2.16906,20.0112,-474.649]
[-2.14623,19.8006,-469.653]
[-2.1234,19.5899,-464.657]
[-2.10056,19.3793,-459.66]
[-2.07773,19.1686,-454.664]
[-2.0549,18.958,-449.668]
[-2.03207,18.7473,-444.671]
[-2.00923,18.5367,-439.675]
[-1.9864,18.3261,-434.679]
[-1.96357,18.1154,-429.683]
[-1.94074,17.9048,-424.686]
[-1.91791,17.6941,-419.69]
[-1.89507,17.4835,-414.694]
[-1.87224,17.2728,-409.697]
[-1.84941,17.0622,-404.701]
[-1.82658,16.8515,-399.705]
[-1.80374,16.6409,-394.708]
[-1.78091,16.4303,-389.712]
[-1.75808,16.2196,-384.716]
[-1.73525,16.009,-379.719]
[-1.71242,15.7983,-374.723]
[-1.68958,15.5877,-369.727]
[-1.66675,15.377,-364.731]
[-1.64392,15.1664,-359.734]
[-1.62109,14.9557,-354.738]
[-1.59826,14.7451,-349.742]
[-1.57542,14.5345,-344.745]
[-1.55259,14.3238,-339.749]
[-1.52976,14.1132,-334.753]
[-1.50693,13.9025,-329.756]
[-1.48409,13.6919,-324.76]
[-1.46126,13.4812,-319.764]
[-1.43843,13.2706,-314.767]
[-1.4156,13.0599,-309.771]
[-1.39277,12.8493,-304.775]
[-1.36993,12.6387,-299.779]
[-1.3471,12.428,-294.782]
[-1.32427,12.2174,-289.786]
[-1.30144,12.0067,-284.79]
[-1.2786,11.7961,-279.793]
[-1.25577,11.5854,-274.797]
[-1.23294,11.3748,-269.801]
[-1.21011,11.1641,-264.804]
[-1.18728,10.9535,-259.808]
[-1.16444,10.7429,-254.812]
[-1.14161,10.5322,-249.815]
[-1.11878,10.3216,-244.819]
[-1.09595,10.1109,-239.823]
[-1.07311,9.90028,-234.827]
[-1.05028,9.68964,-229.83]
[-1.02745,9.47899,-224.834]
[-1.00462,9.26835,-219.838]
[-0.981785,9.0577,-214.841]
[-0.958953,8.84706,-209.845]
[-0.936121,8.63642,-204.849]
[-0.913289,8.42577,-199.852]
[-0.890456,8.21513,-194.856]
[-0.867624,8.00448,-189.86]
[-0.844792,7.79384,-184.863]
[-0.82196,7.58319,-179.867]
[-0.799128,7.37255,-174.871]
[-0.776295,7.16191,-169.874]
[-0.753463,6.95126,-164.878]
[-0.730631,6.74062,-159.882]
[-0.707799,6.52997,-154.886]
[-0.684966,6.31933,-149.889]
[-0.662134,6.10868,-144.893]
[-0.639302,5.89804,-139.897]
[-0.61647,5.6874,-134.9]
[-0.593638,5.47675,-129.904]
[-0.570805,5.26611,-124.908]
[-0.547973,5.05546,-119.911]
[-0.525141,4.84482,-114.915]
[-0.502309,4.63417,-109.919]
[-0.479477,4.42353,-104.922]
[-0.456644,4.21289,-99.9262]
[-0.433812,4.00224,-94.9299]
[-0.41098,3.7916,-89.9336]
[-0.388148,3.58095,-84.9372]
[-0.365315,3.37031,-79.9409]
[-0.342483,3.15966,-74.9446]
[-0.319651,2.94902,-69.9483]
[-0.296819,2.73838,-64.952]
[-0.273987,2.52773,-59.9557]
[-0.251154,2.31709,-54.9594]
[-0.228322,2.10644,-49.9631]
[-0.20549,1.8958,-44.9668]
[-0.182658,1.68515,-39.9705]
[-0.159826,1.47451,-34.9742]
[-0.136993,1.26387,-29.9779]
[-0.114161,1.05322,-24.9815]
[-0.0913289,0.842577,-19.9852]
[-0.0684966,0.631933,-14.9889]
[-0.0456644,0.421289,-9.99262]
[-0.0228322,0.210644,-4.99631]
[0,3.55271e-15,0]
[-0,0,0]
[-0,0,0]
[-0,0,0]
[-0,0,0]
[-0,0,0]
[-0,0,0]
[-0,0,0]
[-0,0,0]
[-0,0,0]
[-0,0,0]
[-0,0,0]
[-0,0,0]
[-0,0,0]
[-0,0,0]
[-0,0,0]
[-0,0,0]
[-0,0,0]
[-0,0,0]
[-0,0,0]
[-0,0,0]
[-0,0,0]
[-0,0,0]
[-0,0,0]
[-0,0,0]
[-0,0,0]
[-0,0,0]
[-0,0,0]
[-0,0,0]
[-0,0,0]
[-0,0,0]
[-0,0,0]
[-0,0,0]
[-0,0,0]
[-0,0,0]
[-0,0,0]
[-0,0,0]
[-0,0,0]
[-0,0,0]
[-0,0,0]
[-0,0,0]
[-0,0,0]
[-0,0,0]
[-0,0,0]
[-0,0,0]
[-0,0,0]
[-0,0,0]
[-0,0,0]
[-0,0,0]
[-0,0,0]
[-0,0,0]
[-0,0,0]
[-0,0,0]
[-0,0,0]
[-0,0,0]
[-0,0,0]
[-0,0,0]
[-0,0,0]
[-0,0,0]
[-0,0,0]
[-0,0,0]
[-0,0,0]
[-0,0,0]
[-0,0,0]
[-0,0,0]
[-0,0,0]
[-0,0,0]
[-0,0,0]
[-0,0,0]
[-0,0,0]
[-0,0,0]
[-0,0,0]
[-0,0,0]
[-0,0,0]
[-0,0,0]
[-0,0,0]
[-0,0,0]
[-0,0,0]
[-0,0,0]
[-0,0,0]
[-0,0,0]
[-0,0,0]
[-0,0,0]
[-0,0,0]
[-0,0,0]
[-0,0,0]
[-0,0,0]
[-0,0,0]
[-0,0,0]
[-0,0,0]
[-0,0,0]
[-0,0,0]
[-0,0,0]
[-0,0,0]
[-0,0,0]
[-0,0,0]
[-0,0,0]
[-0,0,0]
[-0,0,0]
[-0,0,0]
[-0,0,0]
[-0,0,0]
[-0,0,0]
[-0,0,0]
[-0,0,0]
[-0,0,0]
[-0,0,0]
[-0,0,0]
[-0,0,0]
[-0,0,0]
[-0,0,0]
[-0,0,0]
[-0,0,0]
[-0,0,0]
[-0,0,0]
[-0,0,0]
[-0,0,0]
[-0,0,0]
[-0,0,0]
[-0,0,0]
[-0,0,0]
[-0,0,0]
[-0,0,0]
[-0,0,0]
[-0,0,0]
[-0,0,0]
[-0,0,0]
[-0,0,0]
[-0,0,0]
[-0,0,0]
[-0,0,0]
[-0,0,0]
[-0,0,0]
[-0,0,0]
[-0,0,0]
[-0,0,0]
[-0,0,0]
[-0,0,0]
[-0,0,0]
[-0,0,0]
[-0,0,0]
[-0,0,0]
[-0,0,0]
[-0,0,0]
[-0,0,0]
[-0,0,0]
[-0,0,0]
[-0,0,0]
[-0,0,0]
[-0,0,0]
[-0,0,0]