149
10
[-3.402,31.386,-739.45]
[-3.37901,31.1739,-734.454]
[-3.35603,30.9619,-729.457]
[-3.33304,30.7498,-724.461]
[-3.31005,30.5377,-719.465]
[-3.28707,30.3257,-714.469]
[-3.26408,30.1136,-709.472]
[-3.24109,29.9015,-704.476]
[-3.21811,29.6895,-699.48]
[-3.19512,29.4774,-694.483]
[-3.17214,29.2653,-689.487]
[-3.14915,29.0533,-684.491]
[-3.12616,28.8412,-679.495]
[-3.10318,28.6291,-674.498]
[-3.08019,28.4171,-669.502]
[-3.0572,28.205,-664.506]
[-3.03422,27.9929,-659.509]
[-3.01123,27.7809,-654.513]
[-2.98824,27.5688,-649.517]
[-2.96526,27.3567,-644.521]
[-2.94227,27.1446,-639.524]
[-2.91928,26.9326,-634.528]
[-2.8963,26.7205,-629.532]
[-2.87331,26.5084,-624.535]
[-2.85032,26.2964,-619.539]
[-2.82734,26.0843,-614.543]
[-2.80435,25.8722,-609.547]
[-2.78136,25.6602,-604.55]
[-2.75838,25.4481,-599.554]
[-2.73539,25.236,-594.558]
[-2.71241,25.024,-589.561]
[-2.68942,24.8119,-584.565]
[-2.66643,24.5998,-579.569]
[-2.64345,24.3878,-574.573]
[-2.62046,24.1757,-569.576]
[-2.59747,23.9636,-564.58]
[-2.57449,23.7516,-559.584]
[-2.5515,23.5395,-554.588]
[-2.52851,23.3274,-549.591]
[-2.50553,23.1154,-544.595]
[-2.48254,22.9033,-539.599]
[-2.45955,22.6912,-534.602]
[-2.43657,22.4792,-529.606]
[-2.41358,22.2671,-524.61]
[-2.39059,22.055,-519.614]
[-2.36761,21.843,-514.617]
[-2.34462,21.6309,-509.621]
[-2.32164,21.4188,-504.625]
[-2.29865,21.2068,-499.628]
[-2.27566,20.9947,-494.632]
[-2.25268,20.7826,-489.636]
[-2.22969,20.5706,-484.64]
[-2.2067,20.3585,-479.643]
[-2.18372,20.1464,-474.647]
[-2.16073,19.9344,-469.651]
[-2.13774,19.7223,-464.654]
[-2.11476,19.5102,-459.658]
[-2.09177,19.2981,-454.662]
[-2.06878,19.0861,-449.666]
[-2.0458,18.874,-444.669]
[-2.02281,18.6619,-439.673]
[-1.99982,18.4499,-434.677]
[-1.97684,18.2378,-429.68]
[-1.95385,18.0257,-424.684]
[-1.93086,17.8137,-419.688]
[-1.90788,17.6016,-414.692]
[-1.88489,17.3895,-409.695]
[-1.86191,17.1775,-404.699]
[-1.83892,16.9654,-399.703]
[-1.81593,16.7533,-394.706]
[-1.79295,16.5413,-389.71]
[-1.76996,16.3292,-384.714]
[-1.74697,16.1171,-379.718]
[-1.72399,15.9051,-374.721]
[-1.701,15.693,-369.725]
[-1.67801,15.4809,-364.729]
[-1.65503,15.2689,-359.732]
[-1.63204,15.0568,-354.736]
[-1.60905,14.8447,-349.74]
[-1.58607,14.6327,-344.744]
[-1.56308,14.4206,-339.747]
[-1.54009,14.2085,-334.751]
[-1.51711,13.9965,-329.755]
[-1.49412,13.7844,-324.758]
[-1.47114,13.5723,-319.762]
[-1.44815,13.3603,-314.766]
[-1.42516,13.1482,-309.77]
[-1.40218,12.9361,-304.773]
[-1.37919,12.7241,-299.777]
[-1.3562,12.512,-294.781]
[-1.33322,12.2999,-289.784]
[-1.31023,12.0879,-284.788]
[-1.28724,11.8758,-279.792]
[-1.26426,11.6637,-274.796]
[-1.24127,11.4516,-269.799]
[-1.21828,11.2396,-264.803]
[-1.1953,11.0275,-259.807]
[-1.17231,10.8154,-254.81]
[-1.14932,10.6034,-249.814]
[-1.12634,10.3913,-244.818]
[-1.10335,10.1792,-239.822]
[-1.08036,9.96718,-234.825]
[-1.05738,9.75511,-229.829]
[-1.03439,9.54304,-224.833]
[-1.01141,9.33097,-219.836]
[-0.988419,9.11891,-214.84]
[-0.965432,8.90684,-209.844]
[-0.942446,8.69477,-204.848]
[-0.919459,8.4827,-199.851]
[-0.896473,8.27064,-194.855]
[-0.873486,8.05857,-189.859]
[-0.8505,7.8465,-184.862]
[-0.827514,7.63443,-179.866]
[-0.804527,7.42236,-174.87]
[-0.781541,7.2103,-169.874]
[-0.758554,6.99823,-164.877]
[-0.735568,6.78616,-159.881]
[-0.712581,6.57409,-154.885]
[-0.689595,6.36203,-149.889]
[-0.666608,6.14996,-144.892]
[-0.643622,5.93789,-139.896]
[-0.620635,5.72582,-134.9]
[-0.597649,5.51376,-129.903]
[-0.574662,5.30169,-124.907]
[-0.551676,5.08962,-119.911]
[-0.528689,4.87755,-114.915]
[-0.505703,4.66549,-109.918]
[-0.482716,4.45342,-104.922]
[-0.45973,4.24135,-99.9257]
[-0.436743,4.02928,-94.9294]
[-0.413757,3.81722,-89.9331]
[-0.39077,3.60515,-84.9368]
[-0.367784,3.39308,-79.9405]
[-0.344797,3.18101,-74.9443]
[-0.321811,2.96895,-69.948]
[-0.298824,2.75688,-64.9517]
[-0.275838,2.54481,-59.9554]
[-0.252851,2.33274,-54.9591]
[-0.229865,2.12068,-49.9628]
[-0.206878,1.90861,-44.9666]
[-0.183892,1.69654,-39.9703]
[-0.160905,1.48447,-34.974]
[-0.137919,1.27241,-29.9777]
[-0.114932,1.06034,-24.9814]
[-0.0919459,0.84827,-19.9851]
[-0.0689595,0.636203,-14.9889]
[-0.045973,0.424135,-9.99257]
[-0.0229865,0.212068,-4.99628]
[0,0,0]
[-0,0,0]
[-0,0,0]
[-0,0,0]
[-0,0,0]
[-0,0,0]
[-0,0,0]
[-0,0,0]
[-0,0,0]
[-0,0,0]
[-0,0,0]
[-0,0,0]
[-0,0,0]
[-0,0,0]
[-0,0,0]
[-0,0,0]
[-0,0,0]
[-0,0,0]
[-0,0,0]
[-0,0,0]
[-0,0,0]
[-0,0,0]
[-0,0,0]
[-0,0,0]
[-0,0,0]
[-0,0,0]
[-0,0,0]
[-0,0,0]
[-0,0,0]
[-0,0,0]
[-0,0,0]
[-0,0,0]
[-0,0,0]
[-0,0,0]
[-0,0,0]
[-0,0,0]
[-0,0,0]
[-0,0,0]
[-0,0,0]
[-0,0,0]
[-0,0,0]
[-0,0,0]
[-0,0,0]
[-0,0,0]
[-0,0,0]
[-0,0,0]
[-0,0,0]
[-0,0,0]
[-0,0,0]
[-0,0,0]
[-0,0,0]
[-0,0,0]
[-0,0,0]
[-0,0,0]
[-0,0,0]
[-0,0,0]
[-0,0,0]
[-0,0,0]
[-0,0,0]
[-0,0,0]
[-0,0,0]
[-0,0,0]
[-0,0,0]
[-0,0,0]
[-0,0,0]
[-0,0,0]
[-0,0,0]
[-0,0,0]
[-0,0,0]
[-0,0,0]
[-0,0,0]
[-0,0,0]
[-0,0,0]
[-0,0,0]
[-0,0,0]
[-0,0,0]
[-0,0,0]
[-0,0,0]
[-0,0,0]
[-0,0,0]
[-0,0,0]
[-0,0,0]
[-0,0,0]
[-0,0,0]
[-0,0,0]
[-0,0,0]
[-0,0,0]
[-0,0,0]
[-0,0,0]
[-0,0,0]
[-0,0,0]
[-0,0,0]
[-0,0,0]
[-0,0,0]
[-0,0,0]
[-0,0,0]
[-0,0,0]
[-0,0,0]
[-0,0,0]
[-0,0,0]
[-0,0,0]
[-0,0,0]
[-0,0,0]
[-0,0,0]
[-0,0,0]
[-0,0,0]
[-0,0,0]
[-0,0,0]
[-0,0,0]
[-0,0,0]
[-0,0,0]
[-0,0,0]
[-0,0,0]
[-0,0,0]
[-0,0,0]
[-0,0,0]
[-0,0,0]
[-0,0,0]
[-0,0,0]
[-0,0,0]
[-0,0,0]
[-0,0,0]
[-0,0,0]
[-0,0,0]
[-0,0,0]
[-0,0,0]
[-0,0,0]
[-0,0,0]
[-0,0,0]
[-0,0,0]
[-0,0,0]
[-0,0,0]
[-0,0,0]
[-0,0,0]
[-0,0,0]
[-0,0,0]
[-0,0,0]
[-0,0,0]
[-0,0,0]
[-0,0,0]
[-0,0,0]
[-0,0,0]
[-0,0,0]
[-0,0,0]
[-0,0,0]
[-0,0,0]
[-0,0,0]
[-0,0,0]
[-0,0,0]
[-0,0,0]