151
10
[-3.402,31.386,-749.45]
[-3.37932,31.1768,-744.454]
[-3.35664,30.9675,-739.457]
[-3.33396,30.7583,-734.461]
[-3.31128,30.549,-729.465]
[-3.2886,30.3398,-724.468]
[-3.26592,30.1306,-719.472]
[-3.24324,29.9213,-714.476]
[-3.22056,29.7121,-709.479]
[-3.19788,29.5028,-704.483]
[-3.1752,29.2936,-699.487]
[-3.15252,29.0844,-694.49]
[-3.12984,28.8751,-689.494]
[-3.10716,28.6659,-684.498]
[-3.08448,28.4566,-679.501]
[-3.0618,28.2474,-674.505]
[-3.03912,28.0382,-669.509]
[-3.01644,27.8289,-664.512]
[-2.99376,27.6197,-659.516]
[-2.97108,27.4104,-654.52]
[-2.9484,27.2012,-649.523]
[-2.92572,26.992,-644.527]
[-2.90304,26.7827,-639.531]
[-2.88036,26.5735,-634.534]
[-2.85768,26.3642,-629.538]
[-2.835,26.155,-624.542]
[-2.81232,25.9458,-619.545]
[-2.78964,25.7365,-614.549]
[-2.76696,25.5273,-609.553]
[-2.74428,25.318,-604.556]
[-2.7216,25.1088,-599.56]
[-2.69892,24.8996,-594.564]
[-2.67624,24.6903,-589.567]
[-2.65356,24.4811,-584.571]
[-2.63088,24.2718,-579.575]
[-2.6082,24.0626,-574.578]
[-2.58552,23.8534,-569.582]
[-2.56284,23.6441,-564.586]
[-2.54016,23.4349,-559.589]
[-2.51748,23.2256,-554.593]
[-2.4948,23.0164,-549.597]
[-2.47212,22.8072,-544.6]
[-2.44944,22.5979,-539.604]
[-2.42676,22.3887,-534.608]
[-2.40408,22.1794,-529.611]
[-2.3814,21.9702,-524.615]
[-2.35872,21.761,-519.619]
[-2.33604,21.5517,-514.622]
[-2.31336,21.3425,-509.626]
[-2.29068,21.1332,-504.63]
[-2.268,20.924,-499.633]
[-2.24532,20.7148,-494.637]
[-2.22264,20.5055,-489.641]
[-2.19996,20.2963,-484.644]
[-2.17728,20.087,-479.648]
[-2.1546,19.8778,-474.652]
[-2.13192,19.6686,-469.655]
[-2.10924,19.4593,-464.659]
[-2.08656,19.2501,-459.663]
[-2.06388,19.0408,-454.666]
[-2.0412,18.8316,-449.67]
[-2.01852,18.6224,-444.674]
[-1.99584,18.4131,-439.677]
[-1.97316,18.2039,-434.681]
[-1.95048,17.9946,-429.685]
[-1.9278,17.7854,-424.688]
[-1.90512,17.5762,-419.692]
[-1.88244,17.3669,-414.696]
[-1.85976,17.1577,-409.699]
[-1.83708,16.9484,-404.703]
[-1.8144,16.7392,-399.707]
[-1.79172,16.53,-394.71]
[-1.76904,16.3207,-389.714]
[-1.74636,16.1115,-384.718]
[-1.72368,15.9022,-379.721]
[-1.701,15.693,-374.725]
[-1.67832,15.4838,-369.729]
[-1.65564,15.2745,-364.732]
[-1.63296,15.0653,-359.736]
[-1.61028,14.856,-354.74]
[-1.5876,14.6468,-349.743]
[-1.56492,14.4376,-344.747]
[-1.54224,14.2283,-339.751]
[-1.51956,14.0191,-334.754]
[-1.49688,13.8098,-329.758]
[-1.4742,13.6006,-324.762]
[-1.45152,13.3914,-319.765]
[-1.42884,13.1821,-314.769]
[-1.40616,12.9729,-309.773]
[-1.38348,12.7636,-304.776]
[-1.3608,12.5544,-299.78]
[-1.33812,12.3452,-294.784]
[-1.31544,12.1359,-289.787]
[-1.29276,11.9267,-284.791]
[-1.27008,11.7174,-279.795]
[-1.2474,11.5082,-274.798]
[-1.22472,11.299,-269.802]
[-1.20204,11.0897,-264.806]
[-1.17936,10.8805,-259.809]
[-1.15668,10.6712,-254.813]
[-1.134,10.462,-249.817]
[-1.11132,10.2528,-244.82]
[-1.08864,10.0435,-239.824]
[-1.06596,9.83428,-234.828]
[-1.04328,9.62504,-229.831]
[-1.0206,9.4158,-224.835]
[-0.99792,9.20656,-219.839]
[-0.97524,8.99732,-214.842]
[-0.95256,8.78808,-209.846]
[-0.92988,8.57884,-204.85]
[-0.9072,8.3696,-199.853]
[-0.88452,8.16036,-194.857]
[-0.86184,7.95112,-189.861]
[-0.83916,7.74188,-184.864]
[-0.81648,7.53264,-179.868]
[-0.7938,7.3234,-174.872]
[-0.77112,7.11416,-169.875]
[-0.74844,6.90492,-164.879]
[-0.72576,6.69568,-159.883]
[-0.70308,6.48644,-154.886]
[-0.6804,6.2772,-149.89]
[-0.65772,6.06796,-144.894]
[-0.63504,5.85872,-139.897]
[-0.61236,5.64948,-134.901]
[-0.58968,5.44024,-129.905]
[-0.567,5.231,-124.908]
[-0.54432,5.02176,-119.912]
[-0.52164,4.81252,-114.916]
[-0.49896,4.60328,-109.919]
[-0.47628,4.39404,-104.923]
[-0.4536,4.1848,-99.9267]
[-0.43092,3.97556,-94.9303]
[-0.40824,3.76632,-89.934]
[-0.38556,3.55708,-84.9377]
[-0.36288,3.34784,-79.9413]
[-0.3402,3.1386,-74.945]
[-0.31752,2.92936,-69.9487]
[-0.29484,2.72012,-64.9523]
[-0.27216,2.51088,-59.956]
[-0.24948,2.30164,-54.9597]
[-0.2268,2.0924,-49.9633]
[-0.20412,1.88316,-44.967]
[-0.18144,1.67392,-39.9707]
[-0.15876,1.46468,-34.9743]
[-0.13608,1.25544,-29.978]
[-0.1134,1.0462,-24.9817]
[-0.09072,0.83696,-19.9853]
[-0.06804,0.62772,-14.989]
[-0.04536,0.41848,-9.99267]
[-0.02268,0.20924,-4.99633]
[0,0,0]
[-0,0,0]
[-0,0,0]
[-0,0,0]
[-0,0,0]
[-0,0,0]
[-0,0,0]
[-0,0,0]
[-0,0,0]
[-0,0,0]
[-0,0,0]
[-0,0,0]
[-0,0,0]
[-0,0,0]
[-0,0,0]
[-0,0,0]
[-0,0,0]
[-0,0,0]
[-0,0,0]
[-0,0,0]
[-0,0,0]
[-0,0,0]
[-0,0,0]
[-0,0,0]
[-0,0,0]
[-0,0,0]
[-0,0,0]
[-0,0,0]
[-0,0,0]
[-0,0,0]
[-0,0,0]
[-0,0,0]
[-0,0,0]
[-0,0,0]
[-0,0,0]
[-0,0,0]
[-0,0,0]
[-0,0,0]
[-0,0,0]
[-0,0,0]
[-0,0,0]
[-0,0,0]
[-0,0,0]
[-0,0,0]
[-0,0,0]
[-0,0,0]
[-0,0,0]
[-0,0,0]
[-0,0,0]
[-0,0,0]
[-0,0,0]
[-0,0,0]
[-0,0,0]
[-0,0,0]
[-0,0,0]
[-0,0,0]
[-0,0,0]
[-0,0,0]
[-0,0,0]
[-0,0,0]
[-0,0,0]
[-0,0,0]
[-0,0,0]
[-0,0,0]
[-0,0,0]
[-0,0,0]
[-0,0,0]
[-0,0,0]
[-0,0,0]
[-0,0,0]
[-0,0,0]
[-0,0,0]
[-0,0,0]
[-0,0,0]
[-0,0,0]
[-0,0,0]
[-0,0,0]
[-0,0,0]
[-0,0,0]
[-0,0,0]
[-0,0,0]
[-0,0,0]
[-0,0,0]
[-0,0,0]
[-0,0,0]
[-0,0,0]
[-0,0,0]
[-0,0,0]
[-0,0,0]
[-0,0,0]
[-0,0,0]
[-0,0,0]
[-0,0,0]
[-0,0,0]
[-0,0,0]
[-0,0,0]
[-0,0,0]
[-0,0,0]
[-0,0,0]
[-0,0,0]
[-0,0,0]
[-0,0,0]
[-0,0,0]
[-0,0,0]
[-0,0,0]
[-0,0,0]
[-0,0,0]
[-0,0,0]
[-0,0,0]
[-0,0,0]
[-0,0,0]
[-0,0,0]
[-0,0,0]
[-0,0,0]
[-0,0,0]
[-0,0,0]
[-0,0,0]
[-0,0,0]
[-0,0,0]
[-0,0,0]
[-0,0,0]
[-0,0,0]
[-0,0,0]
[-0,0,0]
[-0,0,0]
[-0,0,0]
[-0,0,0]
[-0,0,0]
[-0,0,0]
[-0,0,0]
[-0,0,0]
[-0,0,0]
[-0,0,0]
[-0,0,0]
[-0,0,0]
[-0,0,0]
[-0,0,0]
[-0,0,0]
[-0,0,0]
[-0,0,0]
[-0,0,0]
[-0,0,0]
[-0,0,0]
[-0,0,0]
[-0,0,0]
[-0,0,0]
[-0,0,0]
[-0,0,0]
[-0,0,0]
[-0,0,0]
[-0,0,0]
[-0,0,0]