152
10
[-3.402,31.386,-754.45]
[-3.37947,31.1781,-749.454]
[-3.35694,30.9703,-744.457]
[-3.33441,30.7624,-739.461]
[-3.31188,30.5546,-734.465]
[-3.28935,30.3467,-729.468]
[-3.26682,30.1389,-724.472]
[-3.24429,29.931,-719.475]
[-3.22176,29.7232,-714.479]
[-3.19923,29.5153,-709.483]
[-3.1767,29.3075,-704.486]
[-3.15417,29.0996,-699.49]
[-3.13164,28.8917,-694.494]
[-3.10911,28.6839,-689.497]
[-3.08658,28.476,-684.501]
[-3.06405,28.2682,-679.505]
[-3.04152,28.0603,-674.508]
[-3.01899,27.8525,-669.512]
[-2.99646,27.6446,-664.516]
[-2.97393,27.4368,-659.519]
[-2.9514,27.2289,-654.523]
[-2.92887,27.0211,-649.526]
[-2.90634,26.8132,-644.53]
[-2.88381,26.6054,-639.534]
[-2.86128,26.3975,-634.537]
[-2.83875,26.1896,-629.541]
[-2.81623,25.9818,-624.545]
[-2.7937,25.7739,-619.548]
[-2.77117,25.5661,-614.552]
[-2.74864,25.3582,-609.556]
[-2.72611,25.1504,-604.559]
[-2.70358,24.9425,-599.563]
[-2.68105,24.7347,-594.567]
[-2.65852,24.5268,-589.57]
[-2.63599,24.319,-584.574]
[-2.61346,24.1111,-579.577]
[-2.59093,23.9032,-574.581]
[-2.5684,23.6954,-569.585]
[-2.54587,23.4875,-564.588]
[-2.52334,23.2797,-559.592]
[-2.50081,23.0718,-554.596]
[-2.47828,22.864,-549.599]
[-2.45575,22.6561,-544.603]
[-2.43322,22.4483,-539.607]
[-2.41069,22.2404,-534.61]
[-2.38816,22.0326,-529.614]
[-2.36563,21.8247,-524.618]
[-2.3431,21.6168,-519.621]
[-2.32057,21.409,-514.625]
[-2.29804,21.2011,-509.628]
[-2.27551,20.9933,-504.632]
[-2.25298,20.7854,-499.636]
[-2.23045,20.5776,-494.639]
[-2.20792,20.3697,-489.643]
[-2.18539,20.1619,-484.647]
[-2.16286,19.954,-479.65]
[-2.14033,19.7462,-474.654]
[-2.1178,19.5383,-469.658]
[-2.09527,19.3305,-464.661]
[-2.07274,19.1226,-459.665]
[-2.05021,18.9147,-454.669]
[-2.02768,18.7069,-449.672]
[-2.00515,18.499,-444.676]
[-1.98262,18.2912,-439.679]
[-1.96009,18.0833,-434.683]
[-1.93756,17.8755,-429.687]
[-1.91503,17.6676,-424.69]
[-1.8925,17.4598,-419.694]
[-1.86997,17.2519,-414.698]
[-1.84744,17.0441,-409.701]
[-1.82491,16.8362,-404.705]
[-1.80238,16.6283,-399.709]
[-1.77985,16.4205,-394.712]
[-1.75732,16.2126,-389.716]
[-1.73479,16.0048,-384.72]
[-1.71226,15.7969,-379.723]
[-1.68974,15.5891,-374.727]
[-1.66721,15.3812,-369.73]
[-1.64468,15.1734,-364.734]
[-1.62215,14.9655,-359.738]
[-1.59962,14.7577,-354.741]
[-1.57709,14.5498,-349.745]
[-1.55456,14.3419,-344.749]
[-1.53203,14.1341,-339.752]
[-1.5095,13.9262,-334.756]
[-1.48697,13.7184,-329.76]
[-1.46444,13.5105,-324.763]
[-1.44191,13.3027,-319.767]
[-1.41938,13.0948,-314.771]
[-1.39685,12.887,-309.774]
[-1.37432,12.6791,-304.778]
[-1.35179,12.4713,-299.781]
[-1.32926,12.2634,-294.785]
[-1.30673,12.0555,-289.789]
[-1.2842,11.8477,-284.792]
[-1.26167,11.6398,-279.796]
[-1.23914,11.432,-274.8]
[-1.21661,11.2241,-269.803]
[-1.19408,11.0163,-264.807]
[-1.17155,10.8084,-259.811]
[-1.14902,10.6006,-254.814]
[-1.12649,10.3927,-249.818]
[-1.10396,10.1849,-244.822]
[-1.08143,9.97701,-239.825]
[-1.0589,9.76915,-234.829]
[-1.03637,9.5613,-229.832]
[-1.01384,9.35344,-224.836]
[-0.991311,9.14559,-219.84]
[-0.968781,8.93774,-214.843]
[-0.946252,8.72988,-209.847]
[-0.923722,8.52203,-204.851]
[-0.901192,8.31417,-199.854]
[-0.878662,8.10632,-194.858]
[-0.856132,7.89846,-189.862]
[-0.833603,7.69061,-184.865]
[-0.811073,7.48275,-179.869]
[-0.788543,7.2749,-174.873]
[-0.766013,7.06705,-169.876]
[-0.743483,6.85919,-164.88]
[-0.720954,6.65134,-159.883]
[-0.698424,6.44348,-154.887]
[-0.675894,6.23563,-149.891]
[-0.653364,6.02777,-144.894]
[-0.630834,5.81992,-139.898]
[-0.608305,5.61207,-134.902]
[-0.585775,5.40421,-129.905]
[-0.563245,5.19636,-124.909]
[-0.540715,4.9885,-119.913]
[-0.518185,4.78065,-114.916]
[-0.495656,4.57279,-109.92]
[-0.473126,4.36494,-104.924]
[-0.450596,4.15709,-99.9272]
[-0.428066,3.94923,-94.9308]
[-0.405536,3.74138,-89.9344]
[-0.383007,3.53352,-84.9381]
[-0.360477,3.32567,-79.9417]
[-0.337947,3.11781,-74.9454]
[-0.315417,2.90996,-69.949]
[-0.292887,2.70211,-64.9526]
[-0.270358,2.49425,-59.9563]
[-0.247828,2.2864,-54.9599]
[-0.225298,2.07854,-49.9636]
[-0.202768,1.87069,-44.9672]
[-0.180238,1.66283,-39.9709]
[-0.157709,1.45498,-34.9745]
[-0.135179,1.24713,-29.9781]
[-0.112649,1.03927,-24.9818]
[-0.0901192,0.831417,-19.9854]
[-0.0675894,0.623563,-14.9891]
[-0.0450596,0.415709,-9.99272]
[-0.0225298,0.207854,-4.99636]
[0,3.55271e-15,0]
[-0,0,0]
[-0,0,0]
[-0,0,0]
[-0,0,0]
[-0,0,0]
[-0,0,0]
[-0,0,0]
[-0,0,0]
[-0,0,0]
[-0,0,0]
[-0,0,0]
[-0,0,0]
[-0,0,0]
[-0,0,0]
[-0,0,0]
[-0,0,0]
[-0,0,0]
[-0,0,0]
[-0,0,0]
[-0,0,0]
[-0,0,0]
[-0,0,0]
[-0,0,0]
[-0,0,0]
[-0,0,0]
[-0,0,0]
[-0,0,0]
[-0,0,0]
[-0,0,0]
[-0,0,0]
[-0,0,0]
[-0,0,0]
[-0,0,0]
[-0,0,0]
[-0,0,0]
[-0,0,0]
[-0,0,0]
[-0,0,0]
[-0,0,0]
[-0,0,0]
[-0,0,0]
[-0,0,0]
[-0,0,0]
[-0,0,0]
[-0,0,0]
[-0,0,0]
[-0,0,0]
[-0,0,0]
[-0,0,0]
[-0,0,0]
[-0,0,0]
[-0,0,0]
[-0,0,0]
[-0,0,0]
[-0,0,0]
[-0,0,0]
[-0,0,0]
[-0,0,0]
[-0,0,0]
[-0,0,0]
[-0,0,0]
[-0,0,0]
[-0,0,0]
[-0,0,0]
[-0,0,0]
[-0,0,0]
[-0,0,0]
[-0,0,0]
[-0,0,0]
[-0,0,0]
[-0,0,0]
[-0,0,0]
[-0,0,0]
[-0,0,0]
[-0,0,0]
[-0,0,0]
[-0,0,0]
[-0,0,0]
[-0,0,0]
[-0,0,0]
[-0,0,0]
[-0,0,0]
[-0,0,0]
[-0,0,0]
[-0,0,0]
[-0,0,0]
[-0,0,0]
[-0,0,0]
[-0,0,0]
[-0,0,0]
[-0,0,0]
[-0,0,0]
[-0,0,0]
[-0,0,0]
[-0,0,0]
[-0,0,0]
[-0,0,0]
[-0,0,0]
[-0,0,0]
[-0,0,0]
[-0,0,0]
[-0,0,0]
[-0,0,0]
[-0,0,0]
[-0,0,0]
[-0,0,0]
[-0,0,0]
[-0,0,0]
[-0,0,0]
[-0,0,0]
[-0,0,0]
[-0,0,0]
[-0,0,0]
[-0,0,0]
[-0,0,0]
[-0,0,0]
[-0,0,0]
[-0,0,0]
[-0,0,0]
[-0,0,0]
[-0,0,0]
[-0,0,0]
[-0,0,0]
[-0,0,0]
[-0,0,0]
[-0,0,0]
[-0,0,0]
[-0,0,0]
[-0,0,0]
[-0,0,0]
[-0,0,0]
[-0,0,0]
[-0,0,0]
[-0,0,0]
[-0,0,0]
[-0,0,0]
[-0,0,0]
[-0,0,0]
[-0,0,0]
[-0,0,0]
[-0,0,0]
[-0,0,0]
[-0,0,0]
[-0,0,0]
[-0,0,0]
[-0,0,0]
[-0,0,0]
[-0,0,0]
[-0,0,0]
[-0,0,0]
[-0,0,0]
[-0,0,0]