149
10
[-15.402,31.386,-739.45]
[-15.2979,31.1739,-734.454]
[-15.1939,30.9619,-729.457]
[-15.0898,30.7498,-724.461]
[-14.9857,30.5377,-719.465]
[-14.8817,30.3257,-714.469]
[-14.7776,30.1136,-709.472]
[-14.6735,29.9015,-704.476]
[-14.5695,29.6895,-699.48]
[-14.4654,29.4774,-694.483]
[-14.3613,29.2653,-689.487]
[-14.2573,29.0533,-684.491]
[-14.1532,28.8412,-679.495]
[-14.0491,28.6291,-674.498]
[-13.9451,28.4171,-669.502]
[-13.841,28.205,-664.506]
[-13.7369,27.9929,-659.509]
[-13.6329,27.7809,-654.513]
[-13.5288,27.5688,-649.517]
[-13.4247,27.3567,-644.521]
[-13.3206,27.1446,-639.524]
[-13.2166,26.9326,-634.528]
[-13.1125,26.7205,-629.532]
[-13.0084,26.5084,-624.535]
[-12.9044,26.2964,-619.539]
[-12.8003,26.0843,-614.543]
[-12.6962,25.8722,-609.547]
[-12.5922,25.6602,-604.55]
[-12.4881,25.4481,-599.554]
[-12.384,25.236,-594.558]
[-12.28,25.024,-589.561]
[-12.1759,24.8119,-584.565]
[-12.0718,24.5998,-579.569]
[-11.9678,24.3878,-574.573]
[-11.8637,24.1757,-569.576]
[-11.7596,23.9636,-564.58]
[-11.6556,23.7516,-559.584]
[-11.5515,23.5395,-554.588]
[-11.4474,23.3274,-549.591]
[-11.3434,23.1154,-544.595]
[-11.2393,22.9033,-539.599]
[-11.1352,22.6912,-534.602]
[-11.0312,22.4792,-529.606]
[-10.9271,22.2671,-524.61]
[-10.823,22.055,-519.614]
[-10.719,21.843,-514.617]
[-10.6149,21.6309,-509.621]
[-10.5108,21.4188,-504.625]
[-10.4068,21.2068,-499.628]
[-10.3027,20.9947,-494.632]
[-10.1986,20.7826,-489.636]
[-10.0946,20.5706,-484.64]
[-9.99049,20.3585,-479.643]
[-9.88642,20.1464,-474.647]
[-9.78235,19.9344,-469.651]
[-9.67828,19.7223,-464.654]
[-9.57422,19.5102,-459.658]
[-9.47015,19.2981,-454.662]
[-9.36608,19.0861,-449.666]
[-9.26201,18.874,-444.669]
[-9.15795,18.6619,-439.673]
[-9.05388,18.4499,-434.677]
[-8.94981,18.2378,-429.68]
[-8.84574,18.0257,-424.684]
[-8.74168,17.8137,-419.688]
[-8.63761,17.6016,-414.692]
[-8.53354,17.3895,-409.695]
[-8.42947,17.1775,-404.699]
[-8.32541,16.9654,-399.703]
[-8.22134,16.7533,-394.706]
[-8.11727,16.5413,-389.71]
[-8.0132,16.3292,-384.714]
[-7.90914,16.1171,-379.718]
[-7.80507,15.9051,-374.721]
[-7.701,15.693,-369.725]
[-7.59693,15.4809,-364.729]
[-7.49286,15.2689,-359.732]
[-7.3888,15.0568,-354.736]
[-7.28473,14.8447,-349.74]
[-7.18066,14.6327,-344.744]
[-7.07659,14.4206,-339.747]
[-6.97253,14.2085,-334.751]
[-6.86846,13.9965,-329.755]
[-6.76439,13.7844,-324.758]
[-6.66032,13.5723,-319.762]
[-6.55626,13.3603,-314.766]
[-6.45219,13.1482,-309.77]
[-6.34812,12.9361,-304.773]
[-6.24405,12.7241,-299.777]
[-6.13999,12.512,-294.781]
[-6.03592,12.2999,-289.784]
[-5.93185,12.0879,-284.788]
[-5.82778,11.8758,-279.792]
[-5.72372,11.6637,-274.796]
[-5.61965,11.4516,-269.799]
[-5.51558,11.2396,-264.803]
[-5.41151,11.0275,-259.807]
[-5.30745,10.8154,-254.81]
[-5.20338,10.6034,-249.814]
[-5.09931,10.3913,-244.818]
[-4.99524,10.1792,-239.822]
[-4.89118,9.96718,-234.825]
[-4.78711,9.75511,-229.829]
[-4.68304,9.54304,-224.833]
[-4.57897,9.33097,-219.836]
[-4.47491,9.11891,-214.84]
[-4.37084,8.90684,-209.844]
[-4.26677,8.69477,-204.848]
[-4.1627,8.4827,-199.851]
[-4.05864,8.27064,-194.855]
[-3.95457,8.05857,-189.859]
[-3.8505,7.8465,-184.862]
[-3.74643,7.63443,-179.866]
[-3.64236,7.42236,-174.87]
[-3.5383,7.2103,-169.874]
[-3.43423,6.99823,-164.877]
[-3.33016,6.78616,-159.881]
[-3.22609,6.57409,-154.885]
[-3.12203,6.36203,-149.889]
[-3.01796,6.14996,-144.892]
[-2.91389,5.93789,-139.896]
[-2.80982,5.72582,-134.9]
[-2.70576,5.51376,-129.903]
[-2.60169,5.30169,-124.907]
[-2.49762,5.08962,-119.911]
[-2.39355,4.87755,-114.915]
[-2.28949,4.66549,-109.918]
[-2.18542,4.45342,-104.922]
[-2.08135,4.24135,-99.9257]
[-1.97728,4.02928,-94.9294]
[-1.87322,3.81722,-89.9331]
[-1.76915,3.60515,-84.9368]
[-1.66508,3.39308,-79.9405]
[-1.56101,3.18101,-74.9443]
[-1.45695,2.96895,-69.948]
[-1.35288,2.75688,-64.9517]
[-1.24881,2.54481,-59.9554]
[-1.14474,2.33274,-54.9591]
[-1.04068,2.12068,-49.9628]
[-0.936608,1.90861,-44.9666]
[-0.832541,1.69654,-39.9703]
[-0.728473,1.48447,-34.974]
[-0.624405,1.27241,-29.9777]
[-0.520338,1.06034,-24.9814]
[-0.41627,0.84827,-19.9851]
[-0.312203,0.636203,-14.9889]
[-0.208135,0.424135,-9.99257]
[-0.104068,0.212068,-4.99628]
[1.77636e-15,0,0]
[-0,0,0]
[-0,0,0]
[-0,0,0]
[-0,0,0]
[-0,0,0]
[-0,0,0]
[-0,0,0]
[-0,0,0]
[-0,0,0]
[-0,0,0]
[-0,0,0]
[-0,0,0]
[-0,0,0]
[-0,0,0]
[-0,0,0]
[-0,0,0]
[-0,0,0]
[-0,0,0]
[-0,0,0]
[-0,0,0]
[-0,0,0]
[-0,0,0]
[-0,0,0]
[-0,0,0]
[-0,0,0]
[-0,0,0]
[-0,0,0]
[-0,0,0]
[-0,0,0]
[-0,0,0]
[-0,0,0]
[-0,0,0]
[-0,0,0]
[-0,0,0]
[-0,0,0]
[-0,0,0]
[-0,0,0]
[-0,0,0]
[-0,0,0]
[-0,0,0]
[-0,0,0]
[-0,0,0]
[-0,0,0]
[-0,0,0]
[-0,0,0]
[-0,0,0]
[-0,0,0]
[-0,0,0]
[-0,0,0]
[-0,0,0]
[-0,0,0]
[-0,0,0]
[-0,0,0]
[-0,0,0]
[-0,0,0]
[-0,0,0]
[-0,0,0]
[-0,0,0]
[-0,0,0]
[-0,0,0]
[-0,0,0]
[-0,0,0]
[-0,0,0]
[-0,0,0]
[-0,0,0]
[-0,0,0]
[-0,0,0]
[-0,0,0]
[-0,0,0]
[-0,0,0]
[-0,0,0]
[-0,0,0]
[-0,0,0]
[-0,0,0]
[-0,0,0]
[-0,0,0]
[-0,0,0]
[-0,0,0]
[-0,0,0]
[-0,0,0]
[-0,0,0]
[-0,0,0]
[-0,0,0]
[-0,0,0]
[-0,0,0]
[-0,0,0]
[-0,0,0]
[-0,0,0]
[-0,0,0]
[-0,0,0]
[-0,0,0]
[-0,0,0]
[-0,0,0]
[-0,0,0]
[-0,0,0]
[-0,0,0]
[-0,0,0]
[-0,0,0]
[-0,0,0]
[-0,0,0]
[-0,0,0]
[-0,0,0]
[-0,0,0]
[-0,0,0]
[-0,0,0]
[-0,0,0]
[-0,0,0]
[-0,0,0]
[-0,0,0]
[-0,0,0]
[-0,0,0]
[-0,0,0]
[-0,0,0]
[-0,0,0]
[-0,0,0]
[-0,0,0]
[-0,0,0]
[-0,0,0]
[-0,0,0]
[-0,0,0]
[-0,0,0]
[-0,0,0]
[-0,0,0]
[-0,0,0]
[-0,0,0]
[-0,0,0]
[-0,0,0]
[-0,0,0]
[-0,0,0]
[-0,0,0]
[-0,0,0]
[-0,0,0]
[-0,0,0]
[-0,0,0]
[-0,0,0]
[-0,0,0]
[-0,0,0]
[-0,0,0]
[-0,0,0]
[-0,0,0]
[-0,0,0]
[-0,0,0]
[-0,0,0]
[-0,0,0]
[-0,0,0]
[-0,0,0]
[-0,0,0]
[-0,0,0]
[-0,0,0]