148
10
[-15.402,31.386,-734.45]
[-15.2972,31.1725,-729.454]
[-15.1924,30.959,-724.457]
[-15.0877,30.7455,-719.461]
[-14.9829,30.532,-714.465]
[-14.8781,30.3184,-709.469]
[-14.7733,30.1049,-704.472]
[-14.6686,29.8914,-699.476]
[-14.5638,29.6779,-694.48]
[-14.459,29.4644,-689.484]
[-14.3542,29.2509,-684.487]
[-14.2495,29.0374,-679.491]
[-14.1447,28.8239,-674.495]
[-14.0399,28.6104,-669.499]
[-13.9351,28.3969,-664.502]
[-13.8304,28.1833,-659.506]
[-13.7256,27.9698,-654.51]
[-13.6208,27.7563,-649.514]
[-13.516,27.5428,-644.517]
[-13.4113,27.3293,-639.521]
[-13.3065,27.1158,-634.525]
[-13.2017,26.9023,-629.529]
[-13.0969,26.6888,-624.532]
[-12.9922,26.4753,-619.536]
[-12.8874,26.2618,-614.54]
[-12.7826,26.0482,-609.544]
[-12.6778,25.8347,-604.547]
[-12.5731,25.6212,-599.551]
[-12.4683,25.4077,-594.555]
[-12.3635,25.1942,-589.559]
[-12.2587,24.9807,-584.562]
[-12.154,24.7672,-579.566]
[-12.0492,24.5537,-574.57]
[-11.9444,24.3402,-569.573]
[-11.8396,24.1267,-564.577]
[-11.7349,23.9131,-559.581]
[-11.6301,23.6996,-554.585]
[-11.5253,23.4861,-549.588]
[-11.4205,23.2726,-544.592]
[-11.3158,23.0591,-539.596]
[-11.211,22.8456,-534.6]
[-11.1062,22.6321,-529.603]
[-11.0014,22.4186,-524.607]
[-10.8967,22.2051,-519.611]
[-10.7919,21.9916,-514.615]
[-10.6871,21.778,-509.618]
[-10.5823,21.5645,-504.622]
[-10.4776,21.351,-499.626]
[-10.3728,21.1375,-494.63]
[-10.268,20.924,-489.633]
[-10.1632,20.7105,-484.637]
[-10.0584,20.497,-479.641]
[-9.95367,20.2835,-474.645]
[-9.8489,20.07,-469.648]
[-9.74412,19.8564,-464.652]
[-9.63935,19.6429,-459.656]
[-9.53457,19.4294,-454.66]
[-9.4298,19.2159,-449.663]
[-9.32502,19.0024,-444.667]
[-9.22024,18.7889,-439.671]
[-9.11547,18.5754,-434.674]
[-9.01069,18.3619,-429.678]
[-8.90592,18.1484,-424.682]
[-8.80114,17.9349,-419.686]
[-8.69637,17.7213,-414.689]
[-8.59159,17.5078,-409.693]
[-8.48682,17.2943,-404.697]
[-8.38204,17.0808,-399.701]
[-8.27727,16.8673,-394.704]
[-8.17249,16.6538,-389.708]
[-8.06771,16.4403,-384.712]
[-7.96294,16.2268,-379.716]
[-7.85816,16.0133,-374.719]
[-7.75339,15.7998,-369.723]
[-7.64861,15.5862,-364.727]
[-7.54384,15.3727,-359.731]
[-7.43906,15.1592,-354.734]
[-7.33429,14.9457,-349.738]
[-7.22951,14.7322,-344.742]
[-7.12473,14.5187,-339.746]
[-7.01996,14.3052,-334.749]
[-6.91518,14.0917,-329.753]
[-6.81041,13.8782,-324.757]
[-6.70563,13.6647,-319.761]
[-6.60086,13.4511,-314.764]
[-6.49608,13.2376,-309.768]
[-6.39131,13.0241,-304.772]
[-6.28653,12.8106,-299.776]
[-6.18176,12.5971,-294.779]
[-6.07698,12.3836,-289.783]
[-5.9722,12.1701,-284.787]
[-5.86743,11.9566,-279.79]
[-5.76265,11.7431,-274.794]
[-5.65788,11.5296,-269.798]
[-5.5531,11.316,-264.802]
[-5.44833,11.1025,-259.805]
[-5.34355,10.889,-254.809]
[-5.23878,10.6755,-249.813]
[-5.134,10.462,-244.817]
[-5.02922,10.2485,-239.82]
[-4.92445,10.035,-234.824]
[-4.81967,9.82147,-229.828]
[-4.7149,9.60796,-224.832]
[-4.61012,9.39445,-219.835]
[-4.50535,9.18094,-214.839]
[-4.40057,8.96743,-209.843]
[-4.2958,8.75392,-204.847]
[-4.19102,8.54041,-199.85]
[-4.08624,8.3269,-194.854]
[-3.98147,8.11339,-189.858]
[-3.87669,7.89988,-184.862]
[-3.77192,7.68637,-179.865]
[-3.66714,7.47286,-174.869]
[-3.56237,7.25935,-169.873]
[-3.45759,7.04584,-164.877]
[-3.35282,6.83233,-159.88]
[-3.24804,6.61882,-154.884]
[-3.14327,6.40531,-149.888]
[-3.03849,6.1918,-144.891]
[-2.93371,5.97829,-139.895]
[-2.82894,5.76478,-134.899]
[-2.72416,5.55127,-129.903]
[-2.61939,5.33776,-124.906]
[-2.51461,5.12424,-119.91]
[-2.40984,4.91073,-114.914]
[-2.30506,4.69722,-109.918]
[-2.20029,4.48371,-104.921]
[-2.09551,4.2702,-99.9252]
[-1.99073,4.05669,-94.9289]
[-1.88596,3.84318,-89.9327]
[-1.78118,3.62967,-84.9364]
[-1.67641,3.41616,-79.9401]
[-1.57163,3.20265,-74.9439]
[-1.46686,2.98914,-69.9476]
[-1.36208,2.77563,-64.9514]
[-1.25731,2.56212,-59.9551]
[-1.15253,2.34861,-54.9588]
[-1.04776,2.1351,-49.9626]
[-0.94298,1.92159,-44.9663]
[-0.838204,1.70808,-39.9701]
[-0.733429,1.49457,-34.9738]
[-0.628653,1.28106,-29.9776]
[-0.523878,1.06755,-24.9813]
[-0.419102,0.854041,-19.985]
[-0.314327,0.640531,-14.9888]
[-0.209551,0.42702,-9.99252]
[-0.104776,0.21351,-4.99626]
[1.77636e-15,0,0]
[-0,0,0]
[-0,0,0]
[-0,0,0]
[-0,0,0]
[-0,0,0]
[-0,0,0]
[-0,0,0]
[-0,0,0]
[-0,0,0]
[-0,0,0]
[-0,0,0]
[-0,0,0]
[-0,0,0]
[-0,0,0]
[-0,0,0]
[-0,0,0]
[-0,0,0]
[-0,0,0]
[-0,0,0]
[-0,0,0]
[-0,0,0]
[-0,0,0]
[-0,0,0]
[-0,0,0]
[-0,0,0]
[-0,0,0]
[-0,0,0]
[-0,0,0]
[-0,0,0]
[-0,0,0]
[-0,0,0]
[-0,0,0]
[-0,0,0]
[-0,0,0]
[-0,0,0]
[-0,0,0]
[-0,0,0]
[-0,0,0]
[-0,0,0]
[-0,0,0]
[-0,0,0]
[-0,0,0]
[-0,0,0]
[-0,0,0]
[-0,0,0]
[-0,0,0]
[-0,0,0]
[-0,0,0]
[-0,0,0]
[-0,0,0]
[-0,0,0]
[-0,0,0]
[-0,0,0]
[-0,0,0]
[-0,0,0]
[-0,0,0]
[-0,0,0]
[-0,0,0]
[-0,0,0]
[-0,0,0]
[-0,0,0]
[-0,0,0]
[-0,0,0]
[-0,0,0]
[-0,0,0]
[-0,0,0]
[-0,0,0]
[-0,0,0]
[-0,0,0]
[-0,0,0]
[-0,0,0]
[-0,0,0]
[-0,0,0]
[-0,0,0]
[-0,0,0]
[-0,0,0]
[-0,0,0]
[-0,0,0]
[-0,0,0]
[-0,0,0]
[-0,0,0]
[-0,0,0]
[-0,0,0]
[-0,0,0]
[-0,0,0]
[-0,0,0]
[-0,0,0]
[-0,0,0]
[-0,0,0]
[-0,0,0]
[-0,0,0]
[-0,0,0]
[-0,0,0]
[-0,0,0]
[-0,0,0]
[-0,0,0]
[-0,0,0]
[-0,0,0]
[-0,0,0]
[-0,0,0]
[-0,0,0]
[-0,0,0]
[-0,0,0]
[-0,0,0]
[-0,0,0]
[-0,0,0]
[-0,0,0]
[-0,0,0]
[-0,0,0]
[-0,0,0]
[-0,0,0]
[-0,0,0]
[-0,0,0]
[-0,0,0]
[-0,0,0]
[-0,0,0]
[-0,0,0]
[-0,0,0]
[-0,0,0]
[-0,0,0]
[-0,0,0]
[-0,0,0]
[-0,0,0]
[-0,0,0]
[-0,0,0]
[-0,0,0]
[-0,0,0]
[-0,0,0]
[-0,0,0]
[-0,0,0]
[-0,0,0]
[-0,0,0]
[-0,0,0]
[-0,0,0]
[-0,0,0]
[-0,0,0]
[-0,0,0]
[-0,0,0]
[-0,0,0]
[-0,0,0]
[-0,0,0]
[-0,0,0]
[-0,0,0]
[-0,0,0]
[-0,0,0]
[-0,0,0]
[-0,0,0]
[-0,0,0]