152
10
[-15.402,31.386,-754.45]
[-15.3,31.1781,-749.454]
[-15.198,30.9703,-744.457]
[-15.096,30.7624,-739.461]
[-14.994,30.5546,-734.465]
[-14.892,30.3467,-729.468]
[-14.79,30.1389,-724.472]
[-14.688,29.931,-719.475]
[-14.586,29.7232,-714.479]
[-14.484,29.5153,-709.483]
[-14.382,29.3075,-704.486]
[-14.28,29.0996,-699.49]
[-14.178,28.8917,-694.494]
[-14.076,28.6839,-689.497]
[-13.974,28.476,-684.501]
[-13.872,28.2682,-679.505]
[-13.77,28.0603,-674.508]
[-13.668,27.8525,-669.512]
[-13.566,27.6446,-664.516]
[-13.464,27.4368,-659.519]
[-13.362,27.2289,-654.523]
[-13.26,27.0211,-649.526]
[-13.158,26.8132,-644.53]
[-13.056,26.6054,-639.534]
[-12.954,26.3975,-634.537]
[-12.852,26.1896,-629.541]
[-12.75,25.9818,-624.545]
[-12.648,25.7739,-619.548]
[-12.546,25.5661,-614.552]
[-12.444,25.3582,-609.556]
[-12.342,25.1504,-604.559]
[-12.24,24.9425,-599.563]
[-12.138,24.7347,-594.567]
[-12.036,24.5268,-589.57]
[-11.934,24.319,-584.574]
[-11.832,24.1111,-579.577]
[-11.73,23.9032,-574.581]
[-11.628,23.6954,-569.585]
[-11.526,23.4875,-564.588]
[-11.424,23.2797,-559.592]
[-11.322,23.0718,-554.596]
[-11.22,22.864,-549.599]
[-11.118,22.6561,-544.603]
[-11.016,22.4483,-539.607]
[-10.914,22.2404,-534.61]
[-10.812,22.0326,-529.614]
[-10.71,21.8247,-524.618]
[-10.608,21.6168,-519.621]
[-10.506,21.409,-514.625]
[-10.404,21.2011,-509.628]
[-10.302,20.9933,-504.632]
[-10.2,20.7854,-499.636]
[-10.098,20.5776,-494.639]
[-9.996,20.3697,-489.643]
[-9.894,20.1619,-484.647]
[-9.792,19.954,-479.65]
[-9.69,19.7462,-474.654]
[-9.588,19.5383,-469.658]
[-9.486,19.3305,-464.661]
[-9.384,19.1226,-459.665]
[-9.282,18.9147,-454.669]
[-9.18,18.7069,-449.672]
[-9.078,18.499,-444.676]
[-8.976,18.2912,-439.679]
[-8.874,18.0833,-434.683]
[-8.772,17.8755,-429.687]
[-8.67,17.6676,-424.69]
[-8.568,17.4598,-419.694]
[-8.466,17.2519,-414.698]
[-8.364,17.0441,-409.701]
[-8.262,16.8362,-404.705]
[-8.16,16.6283,-399.709]
[-8.058,16.4205,-394.712]
[-7.956,16.2126,-389.716]
[-7.854,16.0048,-384.72]
[-7.752,15.7969,-379.723]
[-7.65,15.5891,-374.727]
[-7.548,15.3812,-369.73]
[-7.446,15.1734,-364.734]
[-7.344,14.9655,-359.738]
[-7.242,14.7577,-354.741]
[-7.14,14.5498,-349.745]
[-7.038,14.3419,-344.749]
[-6.936,14.1341,-339.752]
[-6.834,13.9262,-334.756]
[-6.732,13.7184,-329.76]
[-6.63,13.5105,-324.763]
[-6.528,13.3027,-319.767]
[-6.426,13.0948,-314.771]
[-6.324,12.887,-309.774]
[-6.222,12.6791,-304.778]
[-6.12,12.4713,-299.781]
[-6.018,12.2634,-294.785]
[-5.916,12.0555,-289.789]
[-5.814,11.8477,-284.792]
[-5.712,11.6398,-279.796]
[-5.61,11.432,-274.8]
[-5.508,11.2241,-269.803]
[-5.406,11.0163,-264.807]
[-5.304,10.8084,-259.811]
[-5.202,10.6006,-254.814]
[-5.1,10.3927,-249.818]
[-4.998,10.1849,-244.822]
[-4.896,9.97701,-239.825]
[-4.794,9.76915,-234.829]
[-4.692,9.5613,-229.832]
[-4.59,9.35344,-224.836]
[-4.488,9.14559,-219.84]
[-4.386,8.93774,-214.843]
[-4.284,8.72988,-209.847]
[-4.182,8.52203,-204.851]
[-4.08,8.31417,-199.854]
[-3.978,8.10632,-194.858]
[-3.876,7.89846,-189.862]
[-3.774,7.69061,-184.865]
[-3.672,7.48275,-179.869]
[-3.57,7.2749,-174.873]
[-3.468,7.06705,-169.876]
[-3.366,6.85919,-164.88]
[-3.264,6.65134,-159.883]
[-3.162,6.44348,-154.887]
[-3.06,6.23563,-149.891]
[-2.958,6.02777,-144.894]
[-2.856,5.81992,-139.898]
[-2.754,5.61207,-134.902]
[-2.652,5.40421,-129.905]
[-2.55,5.19636,-124.909]
[-2.448,4.9885,-119.913]
[-2.346,4.78065,-114.916]
[-2.244,4.57279,-109.92]
[-2.142,4.36494,-104.924]
[-2.04,4.15709,-99.9272]
[-1.938,3.94923,-94.9308]
[-1.836,3.74138,-89.9344]
[-1.734,3.53352,-84.9381]
[-1.632,3.32567,-79.9417]
[-1.53,3.11781,-74.9454]
[-1.428,2.90996,-69.949]
[-1.326,2.70211,-64.9526]
[-1.224,2.49425,-59.9563]
[-1.122,2.2864,-54.9599]
[-1.02,2.07854,-49.9636]
[-0.918,1.87069,-44.9672]
[-0.816,1.66283,-39.9709]
[-0.714,1.45498,-34.9745]
[-0.612,1.24713,-29.9781]
[-0.51,1.03927,-24.9818]
[-0.408,0.831417,-19.9854]
[-0.306,0.623563,-14.9891]
[-0.204,0.415709,-9.99272]
[-0.102,0.207854,-4.99636]
[0,3.55271e-15,0]
[-0,0,0]
[-0,0,0]
[-0,0,0]
[-0,0,0]
[-0,0,0]
[-0,0,0]
[-0,0,0]
[-0,0,0]
[-0,0,0]
[-0,0,0]
[-0,0,0]
[-0,0,0]
[-0,0,0]
[-0,0,0]
[-0,0,0]
[-0,0,0]
[-0,0,0]
[-0,0,0]
[-0,0,0]
[-0,0,0]
[-0,0,0]
[-0,0,0]
[-0,0,0]
[-0,0,0]
[-0,0,0]
[-0,0,0]
[-0,0,0]
[-0,0,0]
[-0,0,0]
[-0,0,0]
[-0,0,0]
[-0,0,0]
[-0,0,0]
[-0,0,0]
[-0,0,0]
[-0,0,0]
[-0,0,0]
[-0,0,0]
[-0,0,0]
[-0,0,0]
[-0,0,0]
[-0,0,0]
[-0,0,0]
[-0,0,0]
[-0,0,0]
[-0,0,0]
[-0,0,0]
[-0,0,0]
[-0,0,0]
[-0,0,0]
[-0,0,0]
[-0,0,0]
[-0,0,0]
[-0,0,0]
[-0,0,0]
[-0,0,0]
[-0,0,0]
[-0,0,0]
[-0,0,0]
[-0,0,0]
[-0,0,0]
[-0,0,0]
[-0,0,0]
[-0,0,0]
[-0,0,0]
[-0,0,0]
[-0,0,0]
[-0,0,0]
[-0,0,0]
[-0,0,0]
[-0,0,0]
[-0,0,0]
[-0,0,0]
[-0,0,0]
[-0,0,0]
[-0,0,0]
[-0,0,0]
[-0,0,0]
[-0,0,0]
[-0,0,0]
[-0,0,0]
[-0,0,0]
[-0,0,0]
[-0,0,0]
[-0,0,0]
[-0,0,0]
[-0,0,0]
[-0,0,0]
[-0,0,0]
[-0,0,0]
[-0,0,0]
[-0,0,0]
[-0,0,0]
[-0,0,0]
[-0,0,0]
[-0,0,0]
[-0,0,0]
[-0,0,0]
[-0,0,0]
[-0,0,0]
[-0,0,0]
[-0,0,0]
[-0,0,0]
[-0,0,0]
[-0,0,0]
[-0,0,0]
[-0,0,0]
[-0,0,0]
[-0,0,0]
[-0,0,0]
[-0,0,0]
[-0,0,0]
[-0,0,0]
[-0,0,0]
[-0,0,0]
[-0,0,0]
[-0,0,0]
[-0,0,0]
[-0,0,0]
[-0,0,0]
[-0,0,0]
[-0,0,0]
[-0,0,0]
[-0,0,0]
[-0,0,0]
[-0,0,0]
[-0,0,0]
[-0,0,0]
[-0,0,0]
[-0,0,0]
[-0,0,0]
[-0,0,0]
[-0,0,0]
[-0,0,0]
[-0,0,0]
[-0,0,0]
[-0,0,0]
[-0,0,0]
[-0,0,0]
[-0,0,0]
[-0,0,0]
[-0,0,0]
[-0,0,0]
[-0,0,0]
[-0,0,0]
[-0,0,0]
[-0,0,0]
[-0,0,0]
[-0,0,0]
[-0,0,0]
[-0,0,0]
[-0,0,0]