150
10
[-15.402,31.386,-744.45]
[-15.2986,31.1754,-739.454]
[-15.1953,30.9647,-734.457]
[-15.0919,30.7541,-729.461]
[-14.9885,30.5434,-724.465]
[-14.8852,30.3328,-719.468]
[-14.7818,30.1221,-714.472]
[-14.6784,29.9115,-709.476]
[-14.575,29.7008,-704.48]
[-14.4717,29.4902,-699.483]
[-14.3683,29.2796,-694.487]
[-14.2649,29.0689,-689.491]
[-14.1616,28.8583,-684.494]
[-14.0582,28.6476,-679.498]
[-13.9548,28.437,-674.502]
[-13.8515,28.2263,-669.505]
[-13.7481,28.0157,-664.509]
[-13.6447,27.805,-659.513]
[-13.5414,27.5944,-654.516]
[-13.438,27.3838,-649.52]
[-13.3346,27.1731,-644.524]
[-13.2312,26.9625,-639.528]
[-13.1279,26.7518,-634.531]
[-13.0245,26.5412,-629.535]
[-12.9211,26.3305,-624.539]
[-12.8178,26.1199,-619.542]
[-12.7144,25.9092,-614.546]
[-12.611,25.6986,-609.55]
[-12.5077,25.488,-604.553]
[-12.4043,25.2773,-599.557]
[-12.3009,25.0667,-594.561]
[-12.1976,24.856,-589.564]
[-12.0942,24.6454,-584.568]
[-11.9908,24.4347,-579.572]
[-11.8874,24.2241,-574.576]
[-11.7841,24.0134,-569.579]
[-11.6807,23.8028,-564.583]
[-11.5773,23.5922,-559.587]
[-11.474,23.3815,-554.59]
[-11.3706,23.1709,-549.594]
[-11.2672,22.9602,-544.598]
[-11.1639,22.7496,-539.601]
[-11.0605,22.5389,-534.605]
[-10.9571,22.3283,-529.609]
[-10.8538,22.1177,-524.612]
[-10.7504,21.907,-519.616]
[-10.647,21.6964,-514.62]
[-10.5437,21.4857,-509.623]
[-10.4403,21.2751,-504.627]
[-10.3369,21.0644,-499.631]
[-10.2335,20.8538,-494.635]
[-10.1302,20.6431,-489.638]
[-10.0268,20.4325,-484.642]
[-9.92344,20.2219,-479.646]
[-9.82007,20.0112,-474.649]
[-9.7167,19.8006,-469.653]
[-9.61333,19.5899,-464.657]
[-9.50996,19.3793,-459.66]
[-9.40659,19.1686,-454.664]
[-9.30322,18.958,-449.668]
[-9.19985,18.7473,-444.671]
[-9.09648,18.5367,-439.675]
[-8.99311,18.3261,-434.679]
[-8.88974,18.1154,-429.683]
[-8.78638,17.9048,-424.686]
[-8.68301,17.6941,-419.69]
[-8.57964,17.4835,-414.694]
[-8.47627,17.2728,-409.697]
[-8.3729,17.0622,-404.701]
[-8.26953,16.8515,-399.705]
[-8.16616,16.6409,-394.708]
[-8.06279,16.4303,-389.712]
[-7.95942,16.2196,-384.716]
[-7.85605,16.009,-379.719]
[-7.75268,15.7983,-374.723]
[-7.64932,15.5877,-369.727]
[-7.54595,15.377,-364.731]
[-7.44258,15.1664,-359.734]
[-7.33921,14.9557,-354.738]
[-7.23584,14.7451,-349.742]
[-7.13247,14.5345,-344.745]
[-7.0291,14.3238,-339.749]
[-6.92573,14.1132,-334.753]
[-6.82236,13.9025,-329.756]
[-6.71899,13.6919,-324.76]
[-6.61562,13.4812,-319.764]
[-6.51226,13.2706,-314.767]
[-6.40889,13.0599,-309.771]
[-6.30552,12.8493,-304.775]
[-6.20215,12.6387,-299.779]
[-6.09878,12.428,-294.782]
[-5.99541,12.2174,-289.786]
[-5.89204,12.0067,-284.79]
[-5.78867,11.7961,-279.793]
[-5.6853,11.5854,-274.797]
[-5.58193,11.3748,-269.801]
[-5.47856,11.1641,-264.804]
[-5.37519,10.9535,-259.808]
[-5.27183,10.7429,-254.812]
[-5.16846,10.5322,-249.815]
[-5.06509,10.3216,-244.819]
[-4.96172,10.1109,-239.823]
[-4.85835,9.90028,-234.827]
[-4.75498,9.68964,-229.83]
[-4.65161,9.47899,-224.834]
[-4.54824,9.26835,-219.838]
[-4.44487,9.0577,-214.841]
[-4.3415,8.84706,-209.845]
[-4.23813,8.63642,-204.849]
[-4.13477,8.42577,-199.852]
[-4.0314,8.21513,-194.856]
[-3.92803,8.00448,-189.86]
[-3.82466,7.79384,-184.863]
[-3.72129,7.58319,-179.867]
[-3.61792,7.37255,-174.871]
[-3.51455,7.16191,-169.874]
[-3.41118,6.95126,-164.878]
[-3.30781,6.74062,-159.882]
[-3.20444,6.52997,-154.886]
[-3.10107,6.31933,-149.889]
[-2.9977,6.10868,-144.893]
[-2.89434,5.89804,-139.897]
[-2.79097,5.6874,-134.9]
[-2.6876,5.47675,-129.904]
[-2.58423,5.26611,-124.908]
[-2.48086,5.05546,-119.911]
[-2.37749,4.84482,-114.915]
[-2.27412,4.63417,-109.919]
[-2.17075,4.42353,-104.922]
[-2.06738,4.21289,-99.9262]
[-1.96401,4.00224,-94.9299]
[-1.86064,3.7916,-89.9336]
[-1.75728,3.58095,-84.9372]
[-1.65391,3.37031,-79.9409]
[-1.55054,3.15966,-74.9446]
[-1.44717,2.94902,-69.9483]
[-1.3438,2.73838,-64.952]
[-1.24043,2.52773,-59.9557]
[-1.13706,2.31709,-54.9594]
[-1.03369,2.10644,-49.9631]
[-0.930322,1.8958,-44.9668]
[-0.826953,1.68515,-39.9705]
[-0.723584,1.47451,-34.9742]
[-0.620215,1.26387,-29.9779]
[-0.516846,1.05322,-24.9815]
[-0.413477,0.842577,-19.9852]
[-0.310107,0.631933,-14.9889]
[-0.206738,0.421289,-9.99262]
[-0.103369,0.210644,-4.99631]
[-1.77636e-15,3.55271e-15,0]
[-0,0,0]
[-0,0,0]
[-0,0,0]
[-0,0,0]
[-0,0,0]
[-0,0,0]
[-0,0,0]
[-0,0,0]
[-0,0,0]
[-0,0,0]
[-0,0,0]
[-0,0,0]
[-0,0,0]
[-0,0,0]
[-0,0,0]
[-0,0,0]
[-0,0,0]
[-0,0,0]
[-0,0,0]
[-0,0,0]
[-0,0,0]
[-0,0,0]
[-0,0,0]
[-0,0,0]
[-0,0,0]
[-0,0,0]
[-0,0,0]
[-0,0,0]
[-0,0,0]
[-0,0,0]
[-0,0,0]
[-0,0,0]
[-0,0,0]
[-0,0,0]
[-0,0,0]
[-0,0,0]
[-0,0,0]
[-0,0,0]
[-0,0,0]
[-0,0,0]
[-0,0,0]
[-0,0,0]
[-0,0,0]
[-0,0,0]
[-0,0,0]
[-0,0,0]
[-0,0,0]
[-0,0,0]
[-0,0,0]
[-0,0,0]
[-0,0,0]
[-0,0,0]
[-0,0,0]
[-0,0,0]
[-0,0,0]
[-0,0,0]
[-0,0,0]
[-0,0,0]
[-0,0,0]
[-0,0,0]
[-0,0,0]
[-0,0,0]
[-0,0,0]
[-0,0,0]
[-0,0,0]
[-0,0,0]
[-0,0,0]
[-0,0,0]
[-0,0,0]
[-0,0,0]
[-0,0,0]
[-0,0,0]
[-0,0,0]
[-0,0,0]
[-0,0,0]
[-0,0,0]
[-0,0,0]
[-0,0,0]
[-0,0,0]
[-0,0,0]
[-0,0,0]
[-0,0,0]
[-0,0,0]
[-0,0,0]
[-0,0,0]
[-0,0,0]
[-0,0,0]
[-0,0,0]
[-0,0,0]
[-0,0,0]
[-0,0,0]
[-0,0,0]
[-0,0,0]
[-0,0,0]
[-0,0,0]
[-0,0,0]
[-0,0,0]
[-0,0,0]
[-0,0,0]
[-0,0,0]
[-0,0,0]
[-0,0,0]
[-0,0,0]
[-0,0,0]
[-0,0,0]
[-0,0,0]
[-0,0,0]
[-0,0,0]
[-0,0,0]
[-0,0,0]
[-0,0,0]
[-0,0,0]
[-0,0,0]
[-0,0,0]
[-0,0,0]
[-0,0,0]
[-0,0,0]
[-0,0,0]
[-0,0,0]
[-0,0,0]
[-0,0,0]
[-0,0,0]
[-0,0,0]
[-0,0,0]
[-0,0,0]
[-0,0,0]
[-0,0,0]
[-0,0,0]
[-0,0,0]
[-0,0,0]
[-0,0,0]
[-0,0,0]
[-0,0,0]
[-0,0,0]
[-0,0,0]
[-0,0,0]
[-0,0,0]
[-0,0,0]
[-0,0,0]
[-0,0,0]
[-0,0,0]
[-0,0,0]
[-0,0,0]
[-0,0,0]
[-0,0,0]
[-0,0,0]
[-0,0,0]
[-0,0,0]
[-0,0,0]
[-0,0,0]