148
10
[-3.402,31.386,-734.45]
[-3.37886,31.1725,-729.454]
[-3.35571,30.959,-724.457]
[-3.33257,30.7455,-719.461]
[-3.30943,30.532,-714.465]
[-3.28629,30.3184,-709.469]
[-3.26314,30.1049,-704.472]
[-3.24,29.8914,-699.476]
[-3.21686,29.6779,-694.48]
[-3.19371,29.4644,-689.484]
[-3.17057,29.2509,-684.487]
[-3.14743,29.0374,-679.491]
[-3.12429,28.8239,-674.495]
[-3.10114,28.6104,-669.499]
[-3.078,28.3969,-664.502]
[-3.05486,28.1833,-659.506]
[-3.03171,27.9698,-654.51]
[-3.00857,27.7563,-649.514]
[-2.98543,27.5428,-644.517]
[-2.96229,27.3293,-639.521]
[-2.93914,27.1158,-634.525]
[-2.916,26.9023,-629.529]
[-2.89286,26.6888,-624.532]
[-2.86971,26.4753,-619.536]
[-2.84657,26.2618,-614.54]
[-2.82343,26.0482,-609.544]
[-2.80029,25.8347,-604.547]
[-2.77714,25.6212,-599.551]
[-2.754,25.4077,-594.555]
[-2.73086,25.1942,-589.559]
[-2.70771,24.9807,-584.562]
[-2.68457,24.7672,-579.566]
[-2.66143,24.5537,-574.57]
[-2.63829,24.3402,-569.573]
[-2.61514,24.1267,-564.577]
[-2.592,23.9131,-559.581]
[-2.56886,23.6996,-554.585]
[-2.54571,23.4861,-549.588]
[-2.52257,23.2726,-544.592]
[-2.49943,23.0591,-539.596]
[-2.47629,22.8456,-534.6]
[-2.45314,22.6321,-529.603]
[-2.43,22.4186,-524.607]
[-2.40686,22.2051,-519.611]
[-2.38371,21.9916,-514.615]
[-2.36057,21.778,-509.618]
[-2.33743,21.5645,-504.622]
[-2.31429,21.351,-499.626]
[-2.29114,21.1375,-494.63]
[-2.268,20.924,-489.633]
[-2.24486,20.7105,-484.637]
[-2.22171,20.497,-479.641]
[-2.19857,20.2835,-474.645]
[-2.17543,20.07,-469.648]
[-2.15229,19.8564,-464.652]
[-2.12914,19.6429,-459.656]
[-2.106,19.4294,-454.66]
[-2.08286,19.2159,-449.663]
[-2.05971,19.0024,-444.667]
[-2.03657,18.7889,-439.671]
[-2.01343,18.5754,-434.674]
[-1.99029,18.3619,-429.678]
[-1.96714,18.1484,-424.682]
[-1.944,17.9349,-419.686]
[-1.92086,17.7213,-414.689]
[-1.89771,17.5078,-409.693]
[-1.87457,17.2943,-404.697]
[-1.85143,17.0808,-399.701]
[-1.82829,16.8673,-394.704]
[-1.80514,16.6538,-389.708]
[-1.782,16.4403,-384.712]
[-1.75886,16.2268,-379.716]
[-1.73571,16.0133,-374.719]
[-1.71257,15.7998,-369.723]
[-1.68943,15.5862,-364.727]
[-1.66629,15.3727,-359.731]
[-1.64314,15.1592,-354.734]
[-1.62,14.9457,-349.738]
[-1.59686,14.7322,-344.742]
[-1.57371,14.5187,-339.746]
[-1.55057,14.3052,-334.749]
[-1.52743,14.0917,-329.753]
[-1.50429,13.8782,-324.757]
[-1.48114,13.6647,-319.761]
[-1.458,13.4511,-314.764]
[-1.43486,13.2376,-309.768]
[-1.41171,13.0241,-304.772]
[-1.38857,12.8106,-299.776]
[-1.36543,12.5971,-294.779]
[-1.34229,12.3836,-289.783]
[-1.31914,12.1701,-284.787]
[-1.296,11.9566,-279.79]
[-1.27286,11.7431,-274.794]
[-1.24971,11.5296,-269.798]
[-1.22657,11.316,-264.802]
[-1.20343,11.1025,-259.805]
[-1.18029,10.889,-254.809]
[-1.15714,10.6755,-249.813]
[-1.134,10.462,-244.817]
[-1.11086,10.2485,-239.82]
[-1.08771,10.035,-234.824]
[-1.06457,9.82147,-229.828]
[-1.04143,9.60796,-224.832]
[-1.01829,9.39445,-219.835]
[-0.995143,9.18094,-214.839]
[-0.972,8.96743,-209.843]
[-0.948857,8.75392,-204.847]
[-0.925714,8.54041,-199.85]
[-0.902571,8.3269,-194.854]
[-0.879429,8.11339,-189.858]
[-0.856286,7.89988,-184.862]
[-0.833143,7.68637,-179.865]
[-0.81,7.47286,-174.869]
[-0.786857,7.25935,-169.873]
[-0.763714,7.04584,-164.877]
[-0.740571,6.83233,-159.88]
[-0.717429,6.61882,-154.884]
[-0.694286,6.40531,-149.888]
[-0.671143,6.1918,-144.891]
[-0.648,5.97829,-139.895]
[-0.624857,5.76478,-134.899]
[-0.601714,5.55127,-129.903]
[-0.578571,5.33776,-124.906]
[-0.555429,5.12424,-119.91]
[-0.532286,4.91073,-114.914]
[-0.509143,4.69722,-109.918]
[-0.486,4.48371,-104.921]
[-0.462857,4.2702,-99.9252]
[-0.439714,4.05669,-94.9289]
[-0.416571,3.84318,-89.9327]
[-0.393429,3.62967,-84.9364]
[-0.370286,3.41616,-79.9401]
[-0.347143,3.20265,-74.9439]
[-0.324,2.98914,-69.9476]
[-0.300857,2.77563,-64.9514]
[-0.277714,2.56212,-59.9551]
[-0.254571,2.34861,-54.9588]
[-0.231429,2.1351,-49.9626]
[-0.208286,1.92159,-44.9663]
[-0.185143,1.70808,-39.9701]
[-0.162,1.49457,-34.9738]
[-0.138857,1.28106,-29.9776]
[-0.115714,1.06755,-24.9813]
[-0.0925714,0.854041,-19.985]
[-0.0694286,0.640531,-14.9888]
[-0.0462857,0.42702,-9.99252]
[-0.0231429,0.21351,-4.99626]
[0,0,0]
[-0,0,0]
[-0,0,0]
[-0,0,0]
[-0,0,0]
[-0,0,0]
[-0,0,0]
[-0,0,0]
[-0,0,0]
[-0,0,0]
[-0,0,0]
[-0,0,0]
[-0,0,0]
[-0,0,0]
[-0,0,0]
[-0,0,0]
[-0,0,0]
[-0,0,0]
[-0,0,0]
[-0,0,0]
[-0,0,0]
[-0,0,0]
[-0,0,0]
[-0,0,0]
[-0,0,0]
[-0,0,0]
[-0,0,0]
[-0,0,0]
[-0,0,0]
[-0,0,0]
[-0,0,0]
[-0,0,0]
[-0,0,0]
[-0,0,0]
[-0,0,0]
[-0,0,0]
[-0,0,0]
[-0,0,0]
[-0,0,0]
[-0,0,0]
[-0,0,0]
[-0,0,0]
[-0,0,0]
[-0,0,0]
[-0,0,0]
[-0,0,0]
[-0,0,0]
[-0,0,0]
[-0,0,0]
[-0,0,0]
[-0,0,0]
[-0,0,0]
[-0,0,0]
[-0,0,0]
[-0,0,0]
[-0,0,0]
[-0,0,0]
[-0,0,0]
[-0,0,0]
[-0,0,0]
[-0,0,0]
[-0,0,0]
[-0,0,0]
[-0,0,0]
[-0,0,0]
[-0,0,0]
[-0,0,0]
[-0,0,0]
[-0,0,0]
[-0,0,0]
[-0,0,0]
[-0,0,0]
[-0,0,0]
[-0,0,0]
[-0,0,0]
[-0,0,0]
[-0,0,0]
[-0,0,0]
[-0,0,0]
[-0,0,0]
[-0,0,0]
[-0,0,0]
[-0,0,0]
[-0,0,0]
[-0,0,0]
[-0,0,0]
[-0,0,0]
[-0,0,0]
[-0,0,0]
[-0,0,0]
[-0,0,0]
[-0,0,0]
[-0,0,0]
[-0,0,0]
[-0,0,0]
[-0,0,0]
[-0,0,0]
[-0,0,0]
[-0,0,0]
[-0,0,0]
[-0,0,0]
[-0,0,0]
[-0,0,0]
[-0,0,0]
[-0,0,0]
[-0,0,0]
[-0,0,0]
[-0,0,0]
[-0,0,0]
[-0,0,0]
[-0,0,0]
[-0,0,0]
[-0,0,0]
[-0,0,0]
[-0,0,0]
[-0,0,0]
[-0,0,0]
[-0,0,0]
[-0,0,0]
[-0,0,0]
[-0,0,0]
[-0,0,0]
[-0,0,0]
[-0,0,0]
[-0,0,0]
[-0,0,0]
[-0,0,0]
[-0,0,0]
[-0,0,0]
[-0,0,0]
[-0,0,0]
[-0,0,0]
[-0,0,0]
[-0,0,0]
[-0,0,0]
[-0,0,0]
[-0,0,0]
[-0,0,0]
[-0,0,0]
[-0,0,0]
[-0,0,0]
[-0,0,0]
[-0,0,0]
[-0,0,0]
[-0,0,0]
[-0,0,0]
[-0,0,0]
[-0,0,0]
[-0,0,0]