151
10
[-15.402,31.386,-749.45]
[-15.2993,31.1768,-744.454]
[-15.1966,30.9675,-739.457]
[-15.094,30.7583,-734.461]
[-14.9913,30.549,-729.465]
[-14.8886,30.3398,-724.468]
[-14.7859,30.1306,-719.472]
[-14.6832,29.9213,-714.476]
[-14.5806,29.7121,-709.479]
[-14.4779,29.5028,-704.483]
[-14.3752,29.2936,-699.487]
[-14.2725,29.0844,-694.49]
[-14.1698,28.8751,-689.494]
[-14.0672,28.6659,-684.498]
[-13.9645,28.4566,-679.501]
[-13.8618,28.2474,-674.505]
[-13.7591,28.0382,-669.509]
[-13.6564,27.8289,-664.512]
[-13.5538,27.6197,-659.516]
[-13.4511,27.4104,-654.52]
[-13.3484,27.2012,-649.523]
[-13.2457,26.992,-644.527]
[-13.143,26.7827,-639.531]
[-13.0404,26.5735,-634.534]
[-12.9377,26.3642,-629.538]
[-12.835,26.155,-624.542]
[-12.7323,25.9458,-619.545]
[-12.6296,25.7365,-614.549]
[-12.527,25.5273,-609.553]
[-12.4243,25.318,-604.556]
[-12.3216,25.1088,-599.56]
[-12.2189,24.8996,-594.564]
[-12.1162,24.6903,-589.567]
[-12.0136,24.4811,-584.571]
[-11.9109,24.2718,-579.575]
[-11.8082,24.0626,-574.578]
[-11.7055,23.8534,-569.582]
[-11.6028,23.6441,-564.586]
[-11.5002,23.4349,-559.589]
[-11.3975,23.2256,-554.593]
[-11.2948,23.0164,-549.597]
[-11.1921,22.8072,-544.6]
[-11.0894,22.5979,-539.604]
[-10.9868,22.3887,-534.608]
[-10.8841,22.1794,-529.611]
[-10.7814,21.9702,-524.615]
[-10.6787,21.761,-519.619]
[-10.576,21.5517,-514.622]
[-10.4734,21.3425,-509.626]
[-10.3707,21.1332,-504.63]
[-10.268,20.924,-499.633]
[-10.1653,20.7148,-494.637]
[-10.0626,20.5055,-489.641]
[-9.95996,20.2963,-484.644]
[-9.85728,20.087,-479.648]
[-9.7546,19.8778,-474.652]
[-9.65192,19.6686,-469.655]
[-9.54924,19.4593,-464.659]
[-9.44656,19.2501,-459.663]
[-9.34388,19.0408,-454.666]
[-9.2412,18.8316,-449.67]
[-9.13852,18.6224,-444.674]
[-9.03584,18.4131,-439.677]
[-8.93316,18.2039,-434.681]
[-8.83048,17.9946,-429.685]
[-8.7278,17.7854,-424.688]
[-8.62512,17.5762,-419.692]
[-8.52244,17.3669,-414.696]
[-8.41976,17.1577,-409.699]
[-8.31708,16.9484,-404.703]
[-8.2144,16.7392,-399.707]
[-8.11172,16.53,-394.71]
[-8.00904,16.3207,-389.714]
[-7.90636,16.1115,-384.718]
[-7.80368,15.9022,-379.721]
[-7.701,15.693,-374.725]
[-7.59832,15.4838,-369.729]
[-7.49564,15.2745,-364.732]
[-7.39296,15.0653,-359.736]
[-7.29028,14.856,-354.74]
[-7.1876,14.6468,-349.743]
[-7.08492,14.4376,-344.747]
[-6.98224,14.2283,-339.751]
[-6.87956,14.0191,-334.754]
[-6.77688,13.8098,-329.758]
[-6.6742,13.6006,-324.762]
[-6.57152,13.3914,-319.765]
[-6.46884,13.1821,-314.769]
[-6.36616,12.9729,-309.773]
[-6.26348,12.7636,-304.776]
[-6.1608,12.5544,-299.78]
[-6.05812,12.3452,-294.784]
[-5.95544,12.1359,-289.787]
[-5.85276,11.9267,-284.791]
[-5.75008,11.7174,-279.795]
[-5.6474,11.5082,-274.798]
[-5.54472,11.299,-269.802]
[-5.44204,11.0897,-264.806]
[-5.33936,10.8805,-259.809]
[-5.23668,10.6712,-254.813]
[-5.134,10.462,-249.817]
[-5.03132,10.2528,-244.82]
[-4.92864,10.0435,-239.824]
[-4.82596,9.83428,-234.828]
[-4.72328,9.62504,-229.831]
[-4.6206,9.4158,-224.835]
[-4.51792,9.20656,-219.839]
[-4.41524,8.99732,-214.842]
[-4.31256,8.78808,-209.846]
[-4.20988,8.57884,-204.85]
[-4.1072,8.3696,-199.853]
[-4.00452,8.16036,-194.857]
[-3.90184,7.95112,-189.861]
[-3.79916,7.74188,-184.864]
[-3.69648,7.53264,-179.868]
[-3.5938,7.3234,-174.872]
[-3.49112,7.11416,-169.875]
[-3.38844,6.90492,-164.879]
[-3.28576,6.69568,-159.883]
[-3.18308,6.48644,-154.886]
[-3.0804,6.2772,-149.89]
[-2.97772,6.06796,-144.894]
[-2.87504,5.85872,-139.897]
[-2.77236,5.64948,-134.901]
[-2.66968,5.44024,-129.905]
[-2.567,5.231,-124.908]
[-2.46432,5.02176,-119.912]
[-2.36164,4.81252,-114.916]
[-2.25896,4.60328,-109.919]
[-2.15628,4.39404,-104.923]
[-2.0536,4.1848,-99.9267]
[-1.95092,3.97556,-94.9303]
[-1.84824,3.76632,-89.934]
[-1.74556,3.55708,-84.9377]
[-1.64288,3.34784,-79.9413]
[-1.5402,3.1386,-74.945]
[-1.43752,2.92936,-69.9487]
[-1.33484,2.72012,-64.9523]
[-1.23216,2.51088,-59.956]
[-1.12948,2.30164,-54.9597]
[-1.0268,2.0924,-49.9633]
[-0.92412,1.88316,-44.967]
[-0.82144,1.67392,-39.9707]
[-0.71876,1.46468,-34.9743]
[-0.61608,1.25544,-29.978]
[-0.5134,1.0462,-24.9817]
[-0.41072,0.83696,-19.9853]
[-0.30804,0.62772,-14.989]
[-0.20536,0.41848,-9.99267]
[-0.10268,0.20924,-4.99633]
[-1.77636e-15,0,0]
[-0,0,0]
[-0,0,0]
[-0,0,0]
[-0,0,0]
[-0,0,0]
[-0,0,0]
[-0,0,0]
[-0,0,0]
[-0,0,0]
[-0,0,0]
[-0,0,0]
[-0,0,0]
[-0,0,0]
[-0,0,0]
[-0,0,0]
[-0,0,0]
[-0,0,0]
[-0,0,0]
[-0,0,0]
[-0,0,0]
[-0,0,0]
[-0,0,0]
[-0,0,0]
[-0,0,0]
[-0,0,0]
[-0,0,0]
[-0,0,0]
[-0,0,0]
[-0,0,0]
[-0,0,0]
[-0,0,0]
[-0,0,0]
[-0,0,0]
[-0,0,0]
[-0,0,0]
[-0,0,0]
[-0,0,0]
[-0,0,0]
[-0,0,0]
[-0,0,0]
[-0,0,0]
[-0,0,0]
[-0,0,0]
[-0,0,0]
[-0,0,0]
[-0,0,0]
[-0,0,0]
[-0,0,0]
[-0,0,0]
[-0,0,0]
[-0,0,0]
[-0,0,0]
[-0,0,0]
[-0,0,0]
[-0,0,0]
[-0,0,0]
[-0,0,0]
[-0,0,0]
[-0,0,0]
[-0,0,0]
[-0,0,0]
[-0,0,0]
[-0,0,0]
[-0,0,0]
[-0,0,0]
[-0,0,0]
[-0,0,0]
[-0,0,0]
[-0,0,0]
[-0,0,0]
[-0,0,0]
[-0,0,0]
[-0,0,0]
[-0,0,0]
[-0,0,0]
[-0,0,0]
[-0,0,0]
[-0,0,0]
[-0,0,0]
[-0,0,0]
[-0,0,0]
[-0,0,0]
[-0,0,0]
[-0,0,0]
[-0,0,0]
[-0,0,0]
[-0,0,0]
[-0,0,0]
[-0,0,0]
[-0,0,0]
[-0,0,0]
[-0,0,0]
[-0,0,0]
[-0,0,0]
[-0,0,0]
[-0,0,0]
[-0,0,0]
[-0,0,0]
[-0,0,0]
[-0,0,0]
[-0,0,0]
[-0,0,0]
[-0,0,0]
[-0,0,0]
[-0,0,0]
[-0,0,0]
[-0,0,0]
[-0,0,0]
[-0,0,0]
[-0,0,0]
[-0,0,0]
[-0,0,0]
[-0,0,0]
[-0,0,0]
[-0,0,0]
[-0,0,0]
[-0,0,0]
[-0,0,0]
[-0,0,0]
[-0,0,0]
[-0,0,0]
[-0,0,0]
[-0,0,0]
[-0,0,0]
[-0,0,0]
[-0,0,0]
[-0,0,0]
[-0,0,0]
[-0,0,0]
[-0,0,0]
[-0,0,0]
[-0,0,0]
[-0,0,0]
[-0,0,0]
[-0,0,0]
[-0,0,0]
[-0,0,0]
[-0,0,0]
[-0,0,0]
[-0,0,0]
[-0,0,0]
[-0,0,0]
[-0,0,0]
[-0,0,0]
[-0,0,0]
[-0,0,0]
[-0,0,0]
[-0,0,0]
[-0,0,0]
[-0,0,0]
[-0,0,0]