150
10
[0,0,-745.2]
[0,0,-740.199]
[0,0,-735.197]
[0,0,-730.196]
[0,0,-725.195]
[0,0,-720.193]
[0,0,-715.192]
[0,0,-710.191]
[0,0,-705.189]
[0,0,-700.188]
[0,0,-695.187]
[0,0,-690.185]
[0,0,-685.184]
[0,0,-680.183]
[0,0,-675.181]
[0,0,-670.18]
[0,0,-665.179]
[0,0,-660.177]
[0,0,-655.176]
[0,0,-650.174]
[0,0,-645.173]
[0,0,-640.172]
[0,0,-635.17]
[0,0,-630.169]
[0,0,-625.168]
[0,0,-620.166]
[0,0,-615.165]
[0,0,-610.164]
[0,0,-605.162]
[0,0,-600.161]
[0,0,-595.16]
[0,0,-590.158]
[0,0,-585.157]
[0,0,-580.156]
[0,0,-575.154]
[0,0,-570.153]
[0,0,-565.152]
[0,0,-560.15]
[0,0,-555.149]
[0,0,-550.148]
[0,0,-545.146]
[0,0,-540.145]
[0,0,-535.144]
[0,0,-530.142]
[0,0,-525.141]
[0,0,-520.14]
[0,0,-515.138]
[0,0,-510.137]
[0,0,-505.136]
[0,0,-500.134]
[0,0,-495.133]
[0,0,-490.132]
[0,0,-485.13]
[0,0,-480.129]
[0,0,-475.128]
[0,0,-470.126]
[0,0,-465.125]
[0,0,-460.123]
[0,0,-455.122]
[0,0,-450.121]
[0,0,-445.119]
[0,0,-440.118]
[0,0,-435.117]
[0,0,-430.115]
[0,0,-425.114]
[0,0,-420.113]
[0,0,-415.111]
[0,0,-410.11]
[0,0,-405.109]
[0,0,-400.107]
[0,0,-395.106]
[0,0,-390.105]
[0,0,-385.103]
[0,0,-380.102]
[0,0,-375.101]
[0,0,-370.099]
[0,0,-365.098]
[0,0,-360.097]
[0,0,-355.095]
[0,0,-350.094]
[0,0,-345.093]
[0,0,-340.091]
[0,0,-335.09]
[0,0,-330.089]
[0,0,-325.087]
[0,0,-320.086]
[0,0,-315.085]
[0,0,-310.083]
[0,0,-305.082]
[0,0,-300.081]
[0,0,-295.079]
[0,0,-290.078]
[0,0,-285.077]
[0,0,-280.075]
[0,0,-275.074]
[0,0,-270.072]
[0,0,-265.071]
[0,0,-260.07]
[0,0,-255.068]
[0,0,-250.067]
[0,0,-245.066]
[0,0,-240.064]
[0,0,-235.063]
[0,0,-230.062]
[0,0,-225.06]
[0,0,-220.059]
[0,0,-215.058]
[0,0,-210.056]
[0,0,-205.055]
[0,0,-200.054]
[0,0,-195.052]
[0,0,-190.051]
[0,0,-185.05]
[0,0,-180.048]
[0,0,-175.047]
[0,0,-170.046]
[0,0,-165.044]
[0,0,-160.043]
[0,0,-155.042]
[0,0,-150.04]
[0,0,-145.039]
[0,0,-140.038]
[0,0,-135.036]
[0,0,-130.035]
[0,0,-125.034]
[0,0,-120.032]
[0,0,-115.031]
[0,0,-110.03]
[0,0,-105.028]
[0,0,-100.027]
[0,0,-95.0255]
[0,0,-90.0242]
[0,0,-85.0228]
[0,0,-80.0215]
[0,0,-75.0201]
[0,0,-70.0188]
[0,0,-65.0174]
[0,0,-60.0161]
[0,0,-55.0148]
[0,0,-50.0134]
[0,0,-45.0121]
[0,0,-40.0107]
[0,0,-35.0094]
[0,0,-30.0081]
[0,0,-25.0067]
[0,0,-20.0054]
[0,0,-15.004]
[0,0,-10.0027]
[0,0,-5.00134]
[0,0,0]
[-0,0,0]
[-0,0,0]
[-0,0,0]
[-0,0,0]
[-0,0,0]
[-0,0,0]
[-0,0,0]
[-0,0,0]
[-0,0,0]
[-0,0,0]
[-0,0,0]
[-0,0,0]
[-0,0,0]
[-0,0,0]
[-0,0,0]
[-0,0,0]
[-0,0,0]
[-0,0,0]
[-0,0,0]
[-0,0,0]
[-0,0,0]
[-0,0,0]
[-0,0,0]
[-0,0,0]
[-0,0,0]
[-0,0,0]
[-0,0,0]
[-0,0,0]
[-0,0,0]
[-0,0,0]
[-0,0,0]
[-0,0,0]
[-0,0,0]
[-0,0,0]
[-0,0,0]
[-0,0,0]
[-0,0,0]
[-0,0,0]
[-0,0,0]
[-0,0,0]
[-0,0,0]
[-0,0,0]
[-0,0,0]
[-0,0,0]
[-0,0,0]
[-0,0,0]
[-0,0,0]
[-0,0,0]
[-0,0,0]
[-0,0,0]
[-0,0,0]
[-0,0,0]
[-0,0,0]
[-0,0,0]
[-0,0,0]
[-0,0,0]
[-0,0,0]
[-0,0,0]
[-0,0,0]
[-0,0,0]
[-0,0,0]
[-0,0,0]
[-0,0,0]
[-0,0,0]
[-0,0,0]
[-0,0,0]
[-0,0,0]
[-0,0,0]
[-0,0,0]
[-0,0,0]
[-0,0,0]
[-0,0,0]
[-0,0,0]
[-0,0,0]
[-0,0,0]
[-0,0,0]
[-0,0,0]
[-0,0,0]
[-0,0,0]
[-0,0,0]
[-0,0,0]
[-0,0,0]
[-0,0,0]
[-0,0,0]
[-0,0,0]
[-0,0,0]
[-0,0,0]
[-0,0,0]
[-0,0,0]
[-0,0,0]
[-0,0,0]
[-0,0,0]
[-0,0,0]
[-0,0,0]
[-0,0,0]
[-0,0,0]
[-0,0,0]
[-0,0,0]
[-0,0,0]
[-0,0,0]
[-0,0,0]
[-0,0,0]
[-0,0,0]
[-0,0,0]
[-0,0,0]
[-0,0,0]
[-0,0,0]
[-0,0,0]
[-0,0,0]
[-0,0,0]
[-0,0,0]
[-0,0,0]
[-0,0,0]
[-0,0,0]
[-0,0,0]
[-0,0,0]
[-0,0,0]
[-0,0,0]
[-0,0,0]
[-0,0,0]
[-0,0,0]
[-0,0,0]
[-0,0,0]
[-0,0,0]
[-0,0,0]
[-0,0,0]
[-0,0,0]
[-0,0,0]
[-0,0,0]
[-0,0,0]
[-0,0,0]
[-0,0,0]
[-0,0,0]
[-0,0,0]
[-0,0,0]
[-0,0,0]
[-0,0,0]
[-0,0,0]
[-0,0,0]
[-0,0,0]
[-0,0,0]
[-0,0,0]
[-0,0,0]
[-0,0,0]
[-0,0,0]
[-0,0,0]
[-0,0,0]
[-0,0,0]
[-0,0,0]
[-0,0,0]