170
10
[0,0,-845.2]
[0,0,-840.199]
[0,0,-835.198]
[0,0,-830.196]
[0,0,-825.195]
[0,0,-820.194]
[0,0,-815.193]
[0,0,-810.192]
[0,0,-805.191]
[0,0,-800.189]
[0,0,-795.188]
[0,0,-790.187]
[0,0,-785.186]
[0,0,-780.185]
[0,0,-775.183]
[0,0,-770.182]
[0,0,-765.181]
[0,0,-760.18]
[0,0,-755.179]
[0,0,-750.178]
[0,0,-745.176]
[0,0,-740.175]
[0,0,-735.174]
[0,0,-730.173]
[0,0,-725.172]
[0,0,-720.17]
[0,0,-715.169]
[0,0,-710.168]
[0,0,-705.167]
[0,0,-700.166]
[0,0,-695.164]
[0,0,-690.163]
[0,0,-685.162]
[0,0,-680.161]
[0,0,-675.16]
[0,0,-670.159]
[0,0,-665.157]
[0,0,-660.156]
[0,0,-655.155]
[0,0,-650.154]
[0,0,-645.153]
[0,0,-640.151]
[0,0,-635.15]
[0,0,-630.149]
[0,0,-625.148]
[0,0,-620.147]
[0,0,-615.146]
[0,0,-610.144]
[0,0,-605.143]
[0,0,-600.142]
[0,0,-595.141]
[0,0,-590.14]
[0,0,-585.138]
[0,0,-580.137]
[0,0,-575.136]
[0,0,-570.135]
[0,0,-565.134]
[0,0,-560.133]
[0,0,-555.131]
[0,0,-550.13]
[0,0,-545.129]
[0,0,-540.128]
[0,0,-535.127]
[0,0,-530.125]
[0,0,-525.124]
[0,0,-520.123]
[0,0,-515.122]
[0,0,-510.121]
[0,0,-505.12]
[0,0,-500.118]
[0,0,-495.117]
[0,0,-490.116]
[0,0,-485.115]
[0,0,-480.114]
[0,0,-475.112]
[0,0,-470.111]
[0,0,-465.11]
[0,0,-460.109]
[0,0,-455.108]
[0,0,-450.107]
[0,0,-445.105]
[0,0,-440.104]
[0,0,-435.103]
[0,0,-430.102]
[0,0,-425.101]
[0,0,-420.099]
[0,0,-415.098]
[0,0,-410.097]
[0,0,-405.096]
[0,0,-400.095]
[0,0,-395.093]
[0,0,-390.092]
[0,0,-385.091]
[0,0,-380.09]
[0,0,-375.089]
[0,0,-370.088]
[0,0,-365.086]
[0,0,-360.085]
[0,0,-355.084]
[0,0,-350.083]
[0,0,-345.082]
[0,0,-340.08]
[0,0,-335.079]
[0,0,-330.078]
[0,0,-325.077]
[0,0,-320.076]
[0,0,-315.075]
[0,0,-310.073]
[0,0,-305.072]
[0,0,-300.071]
[0,0,-295.07]
[0,0,-290.069]
[0,0,-285.067]
[0,0,-280.066]
[0,0,-275.065]
[0,0,-270.064]
[0,0,-265.063]
[0,0,-260.062]
[0,0,-255.06]
[0,0,-250.059]
[0,0,-245.058]
[0,0,-240.057]
[0,0,-235.056]
[0,0,-230.054]
[0,0,-225.053]
[0,0,-220.052]
[0,0,-215.051]
[0,0,-210.05]
[0,0,-205.049]
[0,0,-200.047]
[0,0,-195.046]
[0,0,-190.045]
[0,0,-185.044]
[0,0,-180.043]
[0,0,-175.041]
[0,0,-170.04]
[0,0,-165.039]
[0,0,-160.038]
[0,0,-155.037]
[0,0,-150.036]
[0,0,-145.034]
[0,0,-140.033]
[0,0,-135.032]
[0,0,-130.031]
[0,0,-125.03]
[0,0,-120.028]
[0,0,-115.027]
[0,0,-110.026]
[0,0,-105.025]
[0,0,-100.024]
[0,0,-95.0225]
[0,0,-90.0213]
[0,0,-85.0201]
[0,0,-80.0189]
[0,0,-75.0178]
[0,0,-70.0166]
[0,0,-65.0154]
[0,0,-60.0142]
[0,0,-55.013]
[0,0,-50.0118]
[0,0,-45.0107]
[0,0,-40.0095]
[0,0,-35.0083]
[0,0,-30.0071]
[0,0,-25.0059]
[0,0,-20.0047]
[0,0,-15.0036]
[0,0,-10.0024]
[0,0,-5.00118]
[0,0,1.13687e-13]
[-0,0,0]
[-0,0,0]
[-0,0,0]
[-0,0,0]
[-0,0,0]
[-0,0,0]
[-0,0,0]
[-0,0,0]
[-0,0,0]
[-0,0,0]
[-0,0,0]
[-0,0,0]
[-0,0,0]
[-0,0,0]
[-0,0,0]
[-0,0,0]
[-0,0,0]
[-0,0,0]
[-0,0,0]
[-0,0,0]
[-0,0,0]
[-0,0,0]
[-0,0,0]
[-0,0,0]
[-0,0,0]
[-0,0,0]
[-0,0,0]
[-0,0,0]
[-0,0,0]
[-0,0,0]
[-0,0,0]
[-0,0,0]
[-0,0,0]
[-0,0,0]
[-0,0,0]
[-0,0,0]
[-0,0,0]
[-0,0,0]
[-0,0,0]
[-0,0,0]
[-0,0,0]
[-0,0,0]
[-0,0,0]
[-0,0,0]
[-0,0,0]
[-0,0,0]
[-0,0,0]
[-0,0,0]
[-0,0,0]
[-0,0,0]
[-0,0,0]
[-0,0,0]
[-0,0,0]
[-0,0,0]
[-0,0,0]
[-0,0,0]
[-0,0,0]
[-0,0,0]
[-0,0,0]
[-0,0,0]
[-0,0,0]
[-0,0,0]
[-0,0,0]
[-0,0,0]
[-0,0,0]
[-0,0,0]
[-0,0,0]
[-0,0,0]
[-0,0,0]
[-0,0,0]
[-0,0,0]
[-0,0,0]
[-0,0,0]
[-0,0,0]
[-0,0,0]
[-0,0,0]
[-0,0,0]
[-0,0,0]
[-0,0,0]
[-0,0,0]
[-0,0,0]
[-0,0,0]
[-0,0,0]
[-0,0,0]
[-0,0,0]
[-0,0,0]
[-0,0,0]
[-0,0,0]
[-0,0,0]
[-0,0,0]
[-0,0,0]
[-0,0,0]
[-0,0,0]
[-0,0,0]
[-0,0,0]
[-0,0,0]
[-0,0,0]
[-0,0,0]
[-0,0,0]
[-0,0,0]
[-0,0,0]
[-0,0,0]
[-0,0,0]
[-0,0,0]
[-0,0,0]
[-0,0,0]
[-0,0,0]
[-0,0,0]
[-0,0,0]
[-0,0,0]
[-0,0,0]
[-0,0,0]
[-0,0,0]
[-0,0,0]
[-0,0,0]
[-0,0,0]
[-0,0,0]
[-0,0,0]
[-0,0,0]
[-0,0,0]
[-0,0,0]
[-0,0,0]
[-0,0,0]
[-0,0,0]
[-0,0,0]
[-0,0,0]
[-0,0,0]
[-0,0,0]
[-0,0,0]
[-0,0,0]
[-0,0,0]
[-0,0,0]
[-0,0,0]
[-0,0,0]
[-0,0,0]
[-0,0,0]
[-0,0,0]
[-0,0,0]
[-0,0,0]
[-0,0,0]
[-0,0,0]
[-0,0,0]
[-0,0,0]
[-0,0,0]
[-0,0,0]
[-0,0,0]
[-0,0,0]
[-0,0,0]
[-0,0,0]
[-0,0,0]
[-0,0,0]
[-0,0,0]
[-0,0,0]
[-0,0,0]
[-0,0,0]
[-0,0,0]
[-0,0,0]
[-0,0,0]
[-0,0,0]
[-0,0,0]
[-0,0,0]
[-0,0,0]
[-0,0,0]
[-0,0,0]
[-0,0,0]
[-0,0,0]
[-0,0,0]
[-0,0,0]
[-0,0,0]
[-0,0,0]