210
10
[0,0,-1045.2]
[0,0,-1040.2]
[0,0,-1035.2]
[0,0,-1030.2]
[0,0,-1025.2]
[0,0,-1020.2]
[0,0,-1015.19]
[0,0,-1010.19]
[0,0,-1005.19]
[0,0,-1000.19]
[0,0,-995.19]
[0,0,-990.189]
[0,0,-985.189]
[0,0,-980.188]
[0,0,-975.187]
[0,0,-970.186]
[0,0,-965.185]
[0,0,-960.184]
[0,0,-955.183]
[0,0,-950.182]
[0,0,-945.181]
[0,0,-940.18]
[0,0,-935.179]
[0,0,-930.178]
[0,0,-925.177]
[0,0,-920.176]
[0,0,-915.175]
[0,0,-910.174]
[0,0,-905.173]
[0,0,-900.172]
[0,0,-895.171]
[0,0,-890.17]
[0,0,-885.169]
[0,0,-880.168]
[0,0,-875.167]
[0,0,-870.167]
[0,0,-865.166]
[0,0,-860.165]
[0,0,-855.164]
[0,0,-850.163]
[0,0,-845.162]
[0,0,-840.161]
[0,0,-835.16]
[0,0,-830.159]
[0,0,-825.158]
[0,0,-820.157]
[0,0,-815.156]
[0,0,-810.155]
[0,0,-805.154]
[0,0,-800.153]
[0,0,-795.152]
[0,0,-790.151]
[0,0,-785.15]
[0,0,-780.149]
[0,0,-775.148]
[0,0,-770.147]
[0,0,-765.146]
[0,0,-760.145]
[0,0,-755.144]
[0,0,-750.144]
[0,0,-745.143]
[0,0,-740.142]
[0,0,-735.141]
[0,0,-730.14]
[0,0,-725.139]
[0,0,-720.138]
[0,0,-715.137]
[0,0,-710.136]
[0,0,-705.135]
[0,0,-700.134]
[0,0,-695.133]
[0,0,-690.132]
[0,0,-685.131]
[0,0,-680.13]
[0,0,-675.129]
[0,0,-670.128]
[0,0,-665.127]
[0,0,-660.126]
[0,0,-655.125]
[0,0,-650.124]
[0,0,-645.123]
[0,0,-640.122]
[0,0,-635.122]
[0,0,-630.121]
[0,0,-625.12]
[0,0,-620.119]
[0,0,-615.118]
[0,0,-610.117]
[0,0,-605.116]
[0,0,-600.115]
[0,0,-595.114]
[0,0,-590.113]
[0,0,-585.112]
[0,0,-580.111]
[0,0,-575.11]
[0,0,-570.109]
[0,0,-565.108]
[0,0,-560.107]
[0,0,-555.106]
[0,0,-550.105]
[0,0,-545.104]
[0,0,-540.103]
[0,0,-535.102]
[0,0,-530.101]
[0,0,-525.1]
[0,0,-520.1]
[0,0,-515.099]
[0,0,-510.098]
[0,0,-505.097]
[0,0,-500.096]
[0,0,-495.095]
[0,0,-490.094]
[0,0,-485.093]
[0,0,-480.092]
[0,0,-475.091]
[0,0,-470.09]
[0,0,-465.089]
[0,0,-460.088]
[0,0,-455.087]
[0,0,-450.086]
[0,0,-445.085]
[0,0,-440.084]
[0,0,-435.083]
[0,0,-430.082]
[0,0,-425.081]
[0,0,-420.08]
[0,0,-415.079]
[0,0,-410.078]
[0,0,-405.078]
[0,0,-400.077]
[0,0,-395.076]
[0,0,-390.075]
[0,0,-385.074]
[0,0,-380.073]
[0,0,-375.072]
[0,0,-370.071]
[0,0,-365.07]
[0,0,-360.069]
[0,0,-355.068]
[0,0,-350.067]
[0,0,-345.066]
[0,0,-340.065]
[0,0,-335.064]
[0,0,-330.063]
[0,0,-325.062]
[0,0,-320.061]
[0,0,-315.06]
[0,0,-310.059]
[0,0,-305.058]
[0,0,-300.057]
[0,0,-295.056]
[0,0,-290.056]
[0,0,-285.055]
[0,0,-280.054]
[0,0,-275.053]
[0,0,-270.052]
[0,0,-265.051]
[0,0,-260.05]
[0,0,-255.049]
[0,0,-250.048]
[0,0,-245.047]
[0,0,-240.046]
[0,0,-235.045]
[0,0,-230.044]
[0,0,-225.043]
[0,0,-220.042]
[0,0,-215.041]
[0,0,-210.04]
[0,0,-205.039]
[0,0,-200.038]
[0,0,-195.037]
[0,0,-190.036]
[0,0,-185.035]
[0,0,-180.034]
[0,0,-175.033]
[0,0,-170.033]
[0,0,-165.032]
[0,0,-160.031]
[0,0,-155.03]
[0,0,-150.029]
[0,0,-145.028]
[0,0,-140.027]
[0,0,-135.026]
[0,0,-130.025]
[0,0,-125.024]
[0,0,-120.023]
[0,0,-115.022]
[0,0,-110.021]
[0,0,-105.02]
[0,0,-100.019]
[0,0,-95.0182]
[0,0,-90.0172]
[0,0,-85.0163]
[0,0,-80.0153]
[0,0,-75.0144]
[0,0,-70.0134]
[0,0,-65.0124]
[0,0,-60.0115]
[0,0,-55.0105]
[0,0,-50.0096]
[0,0,-45.0086]
[0,0,-40.0077]
[0,0,-35.0067]
[0,0,-30.0057]
[0,0,-25.0048]
[0,0,-20.0038]
[0,0,-15.0029]
[0,0,-10.0019]
[0,0,-5.00096]
[0,0,0]
[-0,0,0]
[-0,0,0]
[-0,0,0]
[-0,0,0]
[-0,0,0]
[-0,0,0]
[-0,0,0]
[-0,0,0]
[-0,0,0]
[-0,0,0]
[-0,0,0]
[-0,0,0]
[-0,0,0]
[-0,0,0]
[-0,0,0]
[-0,0,0]
[-0,0,0]
[-0,0,0]
[-0,0,0]
[-0,0,0]
[-0,0,0]
[-0,0,0]
[-0,0,0]
[-0,0,0]
[-0,0,0]
[-0,0,0]
[-0,0,0]
[-0,0,0]
[-0,0,0]
[-0,0,0]
[-0,0,0]
[-0,0,0]
[-0,0,0]
[-0,0,0]
[-0,0,0]
[-0,0,0]
[-0,0,0]
[-0,0,0]
[-0,0,0]
[-0,0,0]
[-0,0,0]
[-0,0,0]
[-0,0,0]
[-0,0,0]
[-0,0,0]
[-0,0,0]
[-0,0,0]
[-0,0,0]
[-0,0,0]
[-0,0,0]
[-0,0,0]
[-0,0,0]
[-0,0,0]
[-0,0,0]
[-0,0,0]
[-0,0,0]
[-0,0,0]
[-0,0,0]
[-0,0,0]
[-0,0,0]
[-0,0,0]
[-0,0,0]
[-0,0,0]
[-0,0,0]
[-0,0,0]
[-0,0,0]
[-0,0,0]
[-0,0,0]
[-0,0,0]
[-0,0,0]
[-0,0,0]
[-0,0,0]
[-0,0,0]
[-0,0,0]
[-0,0,0]
[-0,0,0]
[-0,0,0]
[-0,0,0]
[-0,0,0]
[-0,0,0]
[-0,0,0]
[-0,0,0]
[-0,0,0]
[-0,0,0]
[-0,0,0]
[-0,0,0]
[-0,0,0]
[-0,0,0]
[-0,0,0]
[-0,0,0]
[-0,0,0]
[-0,0,0]
[-0,0,0]
[-0,0,0]
[-0,0,0]
[-0,0,0]
[-0,0,0]
[-0,0,0]
[-0,0,0]
[-0,0,0]
[-0,0,0]
[-0,0,0]
[-0,0,0]
[-0,0,0]
[-0,0,0]
[-0,0,0]
[-0,0,0]
[-0,0,0]
[-0,0,0]
[-0,0,0]
[-0,0,0]
[-0,0,0]
[-0,0,0]
[-0,0,0]
[-0,0,0]
[-0,0,0]
[-0,0,0]
[-0,0,0]
[-0,0,0]
[-0,0,0]
[-0,0,0]
[-0,0,0]
[-0,0,0]
[-0,0,0]
[-0,0,0]
[-0,0,0]
[-0,0,0]
[-0,0,0]
[-0,0,0]
[-0,0,0]
[-0,0,0]
[-0,0,0]
[-0,0,0]
[-0,0,0]
[-0,0,0]
[-0,0,0]
[-0,0,0]
[-0,0,0]
[-0,0,0]
[-0,0,0]
[-0,0,0]
[-0,0,0]
[-0,0,0]
[-0,0,0]
[-0,0,0]
[-0,0,0]
[-0,0,0]
[-0,0,0]
[-0,0,0]
[-0,0,0]
[-0,0,0]
[-0,0,0]
[-0,0,0]
[-0,0,0]
[-0,0,0]
[-0,0,0]
[-0,0,0]
[-0,0,0]
[-0,0,0]
[-0,0,0]
[-0,0,0]
[-0,0,0]
[-0,0,0]
[-0,0,0]
[-0,0,0]
[-0,0,0]
[-0,0,0]
[-0,0,0]
[-0,0,0]
[-0,0,0]
[-0,0,0]
[-0,0,0]
[-0,0,0]
[-0,0,0]
[-0,0,0]
[-0,0,0]
[-0,0,0]
[-0,0,0]
[-0,0,0]
[-0,0,0]
[-0,0,0]
[-0,0,0]
[-0,0,0]
[-0,0,0]
[-0,0,0]
[-0,0,0]
[-0,0,0]
[-0,0,0]
[-0,0,0]
[-0,0,0]
[-0,0,0]
[-0,0,0]
[-0,0,0]
[-0,0,0]
[-0,0,0]
[-0,0,0]
[-0,0,0]
[-0,0,0]
[-0,0,0]
[-0,0,0]
[-0,0,0]
[-0,0,0]
[-0,0,0]
[-0,0,0]
[-0,0,0]
[-0,0,0]
[-0,0,0]
[-0,0,0]
[-0,0,0]
[-0,0,0]