190
10
[0,0,-945.2]
[0,0,-940.199]
[0,0,-935.198]
[0,0,-930.197]
[0,0,-925.196]
[0,0,-920.195]
[0,0,-915.194]
[0,0,-910.193]
[0,0,-905.192]
[0,0,-900.19]
[0,0,-895.189]
[0,0,-890.188]
[0,0,-885.187]
[0,0,-880.186]
[0,0,-875.185]
[0,0,-870.184]
[0,0,-865.183]
[0,0,-860.182]
[0,0,-855.181]
[0,0,-850.18]
[0,0,-845.179]
[0,0,-840.178]
[0,0,-835.177]
[0,0,-830.176]
[0,0,-825.175]
[0,0,-820.174]
[0,0,-815.172]
[0,0,-810.171]
[0,0,-805.17]
[0,0,-800.169]
[0,0,-795.168]
[0,0,-790.167]
[0,0,-785.166]
[0,0,-780.165]
[0,0,-775.164]
[0,0,-770.163]
[0,0,-765.162]
[0,0,-760.161]
[0,0,-755.16]
[0,0,-750.159]
[0,0,-745.158]
[0,0,-740.157]
[0,0,-735.156]
[0,0,-730.154]
[0,0,-725.153]
[0,0,-720.152]
[0,0,-715.151]
[0,0,-710.15]
[0,0,-705.149]
[0,0,-700.148]
[0,0,-695.147]
[0,0,-690.146]
[0,0,-685.145]
[0,0,-680.144]
[0,0,-675.143]
[0,0,-670.142]
[0,0,-665.141]
[0,0,-660.14]
[0,0,-655.139]
[0,0,-650.138]
[0,0,-645.137]
[0,0,-640.135]
[0,0,-635.134]
[0,0,-630.133]
[0,0,-625.132]
[0,0,-620.131]
[0,0,-615.13]
[0,0,-610.129]
[0,0,-605.128]
[0,0,-600.127]
[0,0,-595.126]
[0,0,-590.125]
[0,0,-585.124]
[0,0,-580.123]
[0,0,-575.122]
[0,0,-570.121]
[0,0,-565.12]
[0,0,-560.119]
[0,0,-555.117]
[0,0,-550.116]
[0,0,-545.115]
[0,0,-540.114]
[0,0,-535.113]
[0,0,-530.112]
[0,0,-525.111]
[0,0,-520.11]
[0,0,-515.109]
[0,0,-510.108]
[0,0,-505.107]
[0,0,-500.106]
[0,0,-495.105]
[0,0,-490.104]
[0,0,-485.103]
[0,0,-480.102]
[0,0,-475.101]
[0,0,-470.099]
[0,0,-465.098]
[0,0,-460.097]
[0,0,-455.096]
[0,0,-450.095]
[0,0,-445.094]
[0,0,-440.093]
[0,0,-435.092]
[0,0,-430.091]
[0,0,-425.09]
[0,0,-420.089]
[0,0,-415.088]
[0,0,-410.087]
[0,0,-405.086]
[0,0,-400.085]
[0,0,-395.084]
[0,0,-390.083]
[0,0,-385.081]
[0,0,-380.08]
[0,0,-375.079]
[0,0,-370.078]
[0,0,-365.077]
[0,0,-360.076]
[0,0,-355.075]
[0,0,-350.074]
[0,0,-345.073]
[0,0,-340.072]
[0,0,-335.071]
[0,0,-330.07]
[0,0,-325.069]
[0,0,-320.068]
[0,0,-315.067]
[0,0,-310.066]
[0,0,-305.065]
[0,0,-300.063]
[0,0,-295.062]
[0,0,-290.061]
[0,0,-285.06]
[0,0,-280.059]
[0,0,-275.058]
[0,0,-270.057]
[0,0,-265.056]
[0,0,-260.055]
[0,0,-255.054]
[0,0,-250.053]
[0,0,-245.052]
[0,0,-240.051]
[0,0,-235.05]
[0,0,-230.049]
[0,0,-225.048]
[0,0,-220.047]
[0,0,-215.046]
[0,0,-210.044]
[0,0,-205.043]
[0,0,-200.042]
[0,0,-195.041]
[0,0,-190.04]
[0,0,-185.039]
[0,0,-180.038]
[0,0,-175.037]
[0,0,-170.036]
[0,0,-165.035]
[0,0,-160.034]
[0,0,-155.033]
[0,0,-150.032]
[0,0,-145.031]
[0,0,-140.03]
[0,0,-135.029]
[0,0,-130.028]
[0,0,-125.026]
[0,0,-120.025]
[0,0,-115.024]
[0,0,-110.023]
[0,0,-105.022]
[0,0,-100.021]
[0,0,-95.0201]
[0,0,-90.019]
[0,0,-85.018]
[0,0,-80.0169]
[0,0,-75.0159]
[0,0,-70.0148]
[0,0,-65.0138]
[0,0,-60.0127]
[0,0,-55.0116]
[0,0,-50.0106]
[0,0,-45.0095]
[0,0,-40.0085]
[0,0,-35.0074]
[0,0,-30.0063]
[0,0,-25.0053]
[0,0,-20.0042]
[0,0,-15.0032]
[0,0,-10.0021]
[0,0,-5.00106]
[0,0,0]
[-0,0,0]
[-0,0,0]
[-0,0,0]
[-0,0,0]
[-0,0,0]
[-0,0,0]
[-0,0,0]
[-0,0,0]
[-0,0,0]
[-0,0,0]
[-0,0,0]
[-0,0,0]
[-0,0,0]
[-0,0,0]
[-0,0,0]
[-0,0,0]
[-0,0,0]
[-0,0,0]
[-0,0,0]
[-0,0,0]
[-0,0,0]
[-0,0,0]
[-0,0,0]
[-0,0,0]
[-0,0,0]
[-0,0,0]
[-0,0,0]
[-0,0,0]
[-0,0,0]
[-0,0,0]
[-0,0,0]
[-0,0,0]
[-0,0,0]
[-0,0,0]
[-0,0,0]
[-0,0,0]
[-0,0,0]
[-0,0,0]
[-0,0,0]
[-0,0,0]
[-0,0,0]
[-0,0,0]
[-0,0,0]
[-0,0,0]
[-0,0,0]
[-0,0,0]
[-0,0,0]
[-0,0,0]
[-0,0,0]
[-0,0,0]
[-0,0,0]
[-0,0,0]
[-0,0,0]
[-0,0,0]
[-0,0,0]
[-0,0,0]
[-0,0,0]
[-0,0,0]
[-0,0,0]
[-0,0,0]
[-0,0,0]
[-0,0,0]
[-0,0,0]
[-0,0,0]
[-0,0,0]
[-0,0,0]
[-0,0,0]
[-0,0,0]
[-0,0,0]
[-0,0,0]
[-0,0,0]
[-0,0,0]
[-0,0,0]
[-0,0,0]
[-0,0,0]
[-0,0,0]
[-0,0,0]
[-0,0,0]
[-0,0,0]
[-0,0,0]
[-0,0,0]
[-0,0,0]
[-0,0,0]
[-0,0,0]
[-0,0,0]
[-0,0,0]
[-0,0,0]
[-0,0,0]
[-0,0,0]
[-0,0,0]
[-0,0,0]
[-0,0,0]
[-0,0,0]
[-0,0,0]
[-0,0,0]
[-0,0,0]
[-0,0,0]
[-0,0,0]
[-0,0,0]
[-0,0,0]
[-0,0,0]
[-0,0,0]
[-0,0,0]
[-0,0,0]
[-0,0,0]
[-0,0,0]
[-0,0,0]
[-0,0,0]
[-0,0,0]
[-0,0,0]
[-0,0,0]
[-0,0,0]
[-0,0,0]
[-0,0,0]
[-0,0,0]
[-0,0,0]
[-0,0,0]
[-0,0,0]
[-0,0,0]
[-0,0,0]
[-0,0,0]
[-0,0,0]
[-0,0,0]
[-0,0,0]
[-0,0,0]
[-0,0,0]
[-0,0,0]
[-0,0,0]
[-0,0,0]
[-0,0,0]
[-0,0,0]
[-0,0,0]
[-0,0,0]
[-0,0,0]
[-0,0,0]
[-0,0,0]
[-0,0,0]
[-0,0,0]
[-0,0,0]
[-0,0,0]
[-0,0,0]
[-0,0,0]
[-0,0,0]
[-0,0,0]
[-0,0,0]
[-0,0,0]
[-0,0,0]
[-0,0,0]
[-0,0,0]
[-0,0,0]
[-0,0,0]
[-0,0,0]
[-0,0,0]
[-0,0,0]
[-0,0,0]
[-0,0,0]
[-0,0,0]
[-0,0,0]
[-0,0,0]
[-0,0,0]
[-0,0,0]
[-0,0,0]
[-0,0,0]
[-0,0,0]
[-0,0,0]
[-0,0,0]
[-0,0,0]
[-0,0,0]
[-0,0,0]
[-0,0,0]
[-0,0,0]
[-0,0,0]
[-0,0,0]
[-0,0,0]
[-0,0,0]
[-0,0,0]
[-0,0,0]
[-0,0,0]
[-0,0,0]
[-0,0,0]
[-0,0,0]
[-0,0,0]
[-0,0,0]
[-0,0,0]
[-0,0,0]
[-0,0,0]
[-0,0,0]
[-0,0,0]
[-0,0,0]
[-0,0,0]