41
5
[1.45,-4,2.8]
[1.45,-4,2.8]
[1.45,-4,2.8]
[1.45,-4,2.8]
[1.45,-4,2.8]
[1.45,-4,2.8]
[1.45,-4,2.66]
[1.45,-4,2.52]
[1.45,-4,2.38]
[1.45,-4,2.24]
[1.45,-4,2.1]
[1.45,-4,2.1]
[1.45,-4,2.1]
[1.45,-4,2.1]
[1.45,-4,2.1]
[1.45,-4,2.1]
[1.45,-4,2.1]
[1.45,-4,2.1]
[1.45,-4,2.1]
[1.45,-4,2.1]
[1.45,-4,2.1]
[1.45,-4,2.1]
[1.45,-4,2.1]
[1.45,-4,2.1]
[1.45,-4,2.1]
[1.45,-4,2.1]
[1.45,-4,2.1]
[1.45,-4,2.1]
[1.45,-4,2.1]
[1.45,-4,2.1]
[1.45,-4,2.1]
[1.45,-4,2.24]
[1.45,-4,2.38]
[1.45,-4,2.52]
[1.45,-4,2.66]
[1.45,-4,2.8]
[1.45,-4,2.8]
[1.45,-4,2.8]
[1.45,-4,2.8]
[1.45,-4,2.8]
[1.45,-4,2.8]
[0,-0,0]
[0,0,0]
[0,0,0]
[0,0,0]
[0,0,0]
[0,0,0]
[0,0,0]
[0,0,0]
[0,0,0]
[0,0,0]
[0,0,0]
[0,0,0]
[0,0,0]
[0,0,0]
[0,0,0]
[0,0,0]
[0,0,0]
[0,0,0]
[0,0,0]
[0,0,0]
[0,0,0]
[0,0,0]
[0,0,0]
[0,0,0]
[0,0,0]
[0,0,0]
[0,0,0]
[0,0,0]
[0,0,0]
[0,0,0]
[0,0,0]
[0,0,0]
[0,0,0]
[0,0,0]
[0,0,0]
[0,0,0]
[0,0,0]
[0,0,0]
[0,0,0]
[0,0,0]
[0,0,0]