41
5
[1.45,-4,-3.3]
[1.45,-4,-3.3]
[1.45,-4,-3.3]
[1.45,-4,-3.3]
[1.45,-4,-3.3]
[1.45,-4,-3.3]
[1.45,-4,-3.22]
[1.45,-4,-3.14]
[1.45,-4,-3.06]
[1.45,-4,-2.98]
[1.45,-4,-2.9]
[1.45,-4,-2.9]
[1.45,-4,-2.9]
[1.45,-4,-2.9]
[1.45,-4,-2.9]
[1.45,-4,-2.9]
[1.45,-4,-2.9]
[1.45,-4,-2.9]
[1.45,-4,-2.9]
[1.45,-4,-2.9]
[1.45,-4,-2.9]
[1.45,-4,-2.9]
[1.45,-4,-2.9]
[1.45,-4,-2.9]
[1.45,-4,-2.9]
[1.45,-4,-2.9]
[1.45,-4,-2.9]
[1.45,-4,-2.9]
[1.45,-4,-2.9]
[1.45,-4,-2.9]
[1.45,-4,-2.9]
[1.45,-4,-2.98]
[1.45,-4,-3.06]
[1.45,-4,-3.14]
[1.45,-4,-3.22]
[1.45,-4,-3.3]
[1.45,-4,-3.3]
[1.45,-4,-3.3]
[1.45,-4,-3.3]
[1.45,-4,-3.3]
[1.45,-4,-3.3]
[0,-0,0]
[0,0,0]
[0,0,0]
[0,0,0]
[0,0,0]
[0,0,0]
[0,0,0]
[0,0,0]
[0,0,0]
[0,0,0]
[0,0,0]
[0,0,0]
[0,0,0]
[0,0,0]
[0,0,0]
[0,0,0]
[0,0,0]
[0,0,0]
[0,0,0]
[0,0,0]
[0,0,0]
[0,0,0]
[0,0,0]
[0,0,0]
[0,0,0]
[0,0,0]
[0,0,0]
[0,0,0]
[0,0,0]
[0,0,0]
[0,0,0]
[0,0,0]
[0,0,0]
[0,0,0]
[0,0,0]
[0,0,0]
[0,0,0]
[0,0,0]
[0,0,0]
[0,0,0]
[0,0,0]