43
5
[-0.65,-5.42,-17.1]
[-0.65,-5.42,-17.1]
[-0.65,-5.42,-17.1]
[-0.65,-5.42,-17.1]
[-0.65,-5.42,-17.1]
[-0.65,-5.42,-17.1]
[-0.65,-5.42,-17.1]
[-0.65,-5.42,-17.1]
[-0.65,-5.42,-17.1]
[-0.65,-5.42,-17.1]
[-0.65,-5.42,-17.1]
[-0.65,-4.51333,-17.1]
[-0.65,-3.60667,-17.1]
[-0.65,-2.7,-17.1]
[-0.65,-3.41692,-17.1]
[-0.65,-4.13385,-17.1]
[-0.65,-4.85077,-17.1]
[-0.65,-5.56769,-17.1]
[-0.65,-6.28462,-17.1]
[-0.65,-7.00154,-17.1]
[-0.65,-7.71846,-17.1]
[-0.65,-8.43538,-17.1]
[-0.65,-9.15231,-17.1]
[-0.65,-9.86923,-17.1]
[-0.65,-10.5862,-17.1]
[-0.65,-11.3031,-17.1]
[-0.65,-12.02,-17.1]
[-0.65,-12.02,-17.1]
[-0.65,-12.02,-17.1]
[-0.65,-12.02,-17.1]
[-0.65,-12.02,-17.1]
[-0.65,-12.02,-17.1]
[-0.65,-12.02,-17.1]
[-0.65,-12.02,-17.1]
[-0.65,-12.02,-17.1]
[-0.65,-10.155,-17.1]
[-0.65,-8.29,-17.1]
[-0.65,-6.425,-17.1]
[-0.65,-4.56,-17.1]
[-0.65,-2.695,-17.1]
[-0.65,-3.60333,-17.1]
[-0.65,-4.51167,-17.1]
[-0.65,-5.42,-17.1]
[0,-0,0]
[0,0,0]
[0,0,0]
[0,0,0]
[0,0,0]
[0,0,0]
[0,0,0]
[0,0,0]
[0,0,0]
[0,0,0]
[0,0,0]
[0,0,0]
[0,0,0]
[0,0,0]
[0,0,0]
[0,0,0]
[0,0,0]
[0,0,0]
[0,0,0]
[0,0,0]
[0,0,0]
[0,0,0]
[0,0,0]
[0,0,0]
[0,0,0]
[0,0,0]
[0,0,0]
[0,0,0]
[0,0,0]
[0,0,0]
[0,0,0]
[0,0,0]
[0,0,0]
[0,0,0]
[0,0,0]
[0,0,0]
[0,0,0]
[0,0,0]
[0,0,0]
[0,0,0]
[0,0,0]
[0,0,0]
[0,0,0]