21
5
[-0.4,32.75,-2.955]
[-0.4,29.375,-2.955]
[-0.4,26,-2.955]
[-0.4,26,-2.955]
[-0.4,26,-2.955]
[-0.4,26,-2.955]
[-0.4,26,-2.955]
[-0.4,29.375,-2.955]
[-0.4,32.75,-2.955]
[-0.4,32.75,-2.955]
[-0.4,32.75,-2.955]
[-0.4,32.75,-2.955]
[-0.4,32.75,-2.955]
[-0.4,32.75,-2.955]
[-0.4,32.75,-2.955]
[-0.4,29.275,-2.955]
[-0.4,25.8,-2.955]
[-0.4,25.8,-2.955]
[-0.4,25.8,-2.955]
[-0.4,25.8,-2.955]
[-0.4,32.75,-2.955]
[0,-0,0]
[0,0,0]
[0,0,0]
[0,0,0]
[0,0,0]
[0,0,0]
[0,0,0]
[0,0,0]
[0,0,0]
[0,0,0]
[0,0,0]
[0,0,0]
[0,0,0]
[0,0,0]
[0,0,0]
[0,0,0]
[0,0,0]
[0,0,0]
[0,0,0]
[0,0,0]
[0,0,0]