21
5
[32,-3.4,-1.2]
[32,-3.4,-1.2]
[32,-3.4,-1.2]
[32,-3.4,-1.2]
[31.8833,-3.4,-1.2]
[31.7667,-3.4,-1.2]
[31.65,-3.4,-1.2]
[31.65,-3.4,-1.2]
[31.65,-3.4,-1.2]
[31.65,-3.4,-1.2]
[31.65,-3.4,-1.2]
[31.65,-3.4,-1.2]
[31.65,-3.4,-1.2]
[31.65,-3.4,-1.2]
[31.65,-3.4,-1.2]
[31.65,-3.4,-1.2]
[31.65,-3.4,-1.2]
[32,-3.4,-1.2]
[32,-3.4,-1.2]
[32,-3.4,-1.2]
[32,-3.4,-1.2]
[0,-0,0]
[0,0,0]
[0,0,0]
[0,0,0]
[0,0,0]
[0,0,0]
[0,0,0]
[0,0,0]
[0,0,0]
[0,0,0]
[0,0,0]
[0,0,0]
[0,0,0]
[0,0,0]
[0,0,0]
[0,0,0]
[0,0,0]
[0,0,0]
[0,0,0]
[0,0,0]
[0,0,0]