22
5
[23.577,1.87,1.27]
[23.577,1.87,1.27]
[23.577,1.87,1.27]
[23.577,1.87,1.27]
[23.577,1.87,1.27]
[23.577,1.87,1.27]
[23.577,1.87,1.27]
[23.577,1.87,1.27]
[23.577,1.87,1.27]
[16.8395,1.87,1.27]
[10.102,1.87,1.27]
[3.3645,1.87,1.27]
[-3.373,1.87,1.27]
[-3.373,1.87,1.27]
[-3.373,1.87,1.27]
[-3.373,1.87,1.27]
[-3.373,1.87,1.27]
[-3.373,1.87,1.27]
[-3.373,1.87,1.27]
[-3.373,1.87,1.27]
[10.102,1.87,1.27]
[23.577,1.87,1.27]
[0,-0,0]
[0,0,0]
[0,0,0]
[0,0,0]
[0,0,0]
[0,0,0]
[0,0,0]
[0,0,0]
[0,0,0]
[0,0,0]
[0,0,0]
[0,0,0]
[0,0,0]
[0,0,0]
[0,0,0]
[0,0,0]
[0,0,0]
[0,0,0]
[0,0,0]
[0,0,0]
[0,0,0]
[0,0,0]