21
5
[22.8,-3.4,-1.2]
[22.8,-3.4,-1.2]
[22.8,-3.4,-1.2]
[22.8,-3.4,-1.2]
[22.9167,-3.4,-1.2]
[23.0333,-3.4,-1.2]
[23.15,-3.4,-1.2]
[23.15,-3.4,-1.2]
[23.15,-3.4,-1.2]
[23.15,-3.4,-1.2]
[23.15,-3.4,-1.2]
[23.15,-3.4,-1.2]
[23.15,-3.4,-1.2]
[23.15,-3.4,-1.2]
[23.15,-3.4,-1.2]
[23.15,-3.4,-1.2]
[23.15,-3.4,-1.2]
[22.8,-3.4,-1.2]
[22.8,-3.4,-1.2]
[22.8,-3.4,-1.2]
[22.8,-3.4,-1.2]
[0,-0,0]
[0,0,0]
[0,0,0]
[0,0,0]
[0,0,0]
[0,0,0]
[0,0,0]
[0,0,0]
[0,0,0]
[0,0,0]
[0,0,0]
[0,0,0]
[0,0,0]
[0,0,0]
[0,0,0]
[0,0,0]
[0,0,0]
[0,0,0]
[0,0,0]
[0,0,0]
[0,0,0]