21
5
[-0.4,19.85,-2.955]
[-0.4,19.85,-2.955]
[-0.4,19.85,-2.955]
[-0.4,22,-2.955]
[-0.4,24.15,-2.955]
[-0.4,26.3,-2.955]
[-0.4,26.3,-2.955]
[-0.4,26.3,-2.955]
[-0.4,23.075,-2.955]
[-0.4,19.85,-2.955]
[-0.4,19.85,-2.955]
[-0.4,19.85,-2.955]
[-0.4,19.85,-2.955]
[-0.4,19.85,-2.955]
[-0.4,23.075,-2.955]
[-0.4,26.3,-2.955]
[-0.4,26.3,-2.955]
[-0.4,26.3,-2.955]
[-0.4,26.3,-2.955]
[-0.4,26.3,-2.955]
[-0.4,19.85,-2.955]
[0,-0,0]
[0,0,0]
[0,0,0]
[0,0,0]
[0,0,0]
[0,0,0]
[0,0,0]
[0,0,0]
[0,0,0]
[0,0,0]
[0,0,0]
[0,0,0]
[0,0,0]
[0,0,0]
[0,0,0]
[0,0,0]
[0,0,0]
[0,0,0]
[0,0,0]
[0,0,0]
[0,0,0]